[1.04, 26.04, 44.37, 73.86, 96.11, 125.17]
Thu Nov 19 12:43:09 2020
0.9202845096588135
[1.11, 25.0, 43.33, 72.82, 95.07, 124.13]
Thu Nov 19 12:43:11 2020
0.9486532211303711
[2.06, 23.88, 42.21, 71.7, 93.96, 123.02]
Thu Nov 19 12:43:13 2020
0.9657812118530273
[1.3, 21.82, 40.15, 69.64, 91.9, 120.96]
Thu Nov 19 12:43:15 2020
0.998894214630127
[1.42, 20.52, 38.86, 68.35, 90.6, 119.66]
Thu Nov 19 12:43:17 2020
1.0408401489257812
[1.05, 19.1, 37.44, 66.93, 89.18, 118.24]
Thu Nov 19 12:43:19 2020
0.9901354312896729
[1, 18.05, 36.38, 65.87, 88.13, 117.19]
Thu Nov 19 12:43:21 2020
0.991034746170044
[1.78, 17.61, 35.94, 65.43, 87.68, 116.74]
Thu Nov 19 12:43:23 2020
1.0491340160369873
[2.56, 15.83, 34.16, 63.65, 85.91, 114.97]
Thu Nov 19 12:43:25 2020
0.9408938884735107
[1, 13.27, 31.61, 61.1, 83.35, 112.41]
Thu Nov 19 12:43:27 2020
0.9653396606445312
[1.03, 12.37, 30.7, 60.19, 82.44, 111.5]
Thu Nov 19 12:43:28 2020
0.9738492965698242
[2.98, 11.34, 29.67, 59.16, 81.42, 110.48]
Thu Nov 19 12:43:31 2020
1.0239691734313965
[1, 8.36, 26.69, 56.18, 78.43, 107.49]
Thu Nov 19 12:43:33 2020
1.0740289688110352
[1, 7.64, 25.98, 55.47, 77.72, 106.78]
Thu Nov 19 12:43:35 2020
1.057713270187378
[2.74, 6.95, 25.29, 54.78, 77.03, 106.09]
Thu Nov 19 12:43:37 2020
0.9321820735931396
[1, 4.21, 22.54, 52.03, 74.29, 103.35]
Thu Nov 19 12:43:39 2020
0.9657676219940186
[1.88, 3.83, 22.17, 51.66, 73.91, 102.97]
Thu Nov 19 12:43:40 2020
0.9487528800964355
[0.0, 1.95, 20.29, 49.78, 72.03, 101.09]
Thu Nov 19 12:43:43 2020
1.0739545822143555
[0.0, 1.38, 18.33, 47.82, 70.08, 99.14]
Thu Nov 19 12:43:45 2020
0.991154670715332
[0.0, 1.09, 16.96, 46.45, 68.7, 97.76]
Thu Nov 19 12:43:47 2020
1.0151662826538086
[0.0, 1, 15.87, 45.36, 67.61, 96.67]
Thu Nov 19 12:43:49 2020
0.9909090995788574
[0.0, 1.17, 15.31, 44.8, 67.05, 96.11]
Thu Nov 19 12:43:51 2020
1.0070767402648926
[0.0, 1, 14.14, 43.63, 65.89, 94.95]
Thu Nov 19 12:43:53 2020
1.0745434761047363
[0.0, 1.38, 13.44, 42.93, 65.18, 94.24]
Thu Nov 19 12:43:55 2020
1.0405559539794922
[0.0, 1.44, 12.06, 41.55, 63.81, 92.86]
Thu Nov 19 12:43:57 2020
1.0323820114135742
[0.0, 1.06, 10.62, 40.11, 62.36, 91.42]
Thu Nov 19 12:43:59 2020
0.9736511707305908
[0.0, 1.97, 9.56, 39.05, 61.31, 90.37]
Thu Nov 19 12:44:01 2020
0.9825713634490967
[0.0, 2.18, 7.59, 37.08, 59.34, 88.4]
Thu Nov 19 12:44:03 2020
0.9240109920501709
[0.0, 1, 5.42, 34.91, 57.16, 86.22]
Thu Nov 19 12:44:05 2020
1.040391206741333
[0.0, 1, 4.91, 34.4, 56.66, 85.72]
Thu Nov 19 12:44:07 2020
0.9659554958343506
[0.0, 1.98, 4.07, 33.56, 55.81, 84.87]
Thu Nov 19 12:44:09 2020
1.099090576171875
[0.0, 1, 2.09, 31.58, 53.84, 82.89]
Thu Nov 19 12:44:11 2020
1.0821681022644043
[0.0, 1.25, 2.03, 31.52, 53.77, 82.83]
Thu Nov 19 12:44:13 2020
1.1408727169036865
[0.0, 0.0, 1, 30.27, 52.52, 81.58]
Thu Nov 19 12:44:15 2020
0.9323000907897949
[0.0, 0.0, 1.56, 29.49, 51.74, 80.8]
Thu Nov 19 12:44:17 2020
0.9236867427825928
[0.0, 0.0, 1.05, 27.93, 50.19, 79.25]
Thu Nov 19 12:44:19 2020
0.9488511085510254
[0.0, 0.0, 1, 26.88, 49.14, 78.2]
Thu Nov 19 12:44:21 2020
1.1164746284484863
[0.0, 0.0, 2.45, 26.67, 48.93, 77.99]
Thu Nov 19 12:44:23 2020
1.0147209167480469
[0.0, 0.0, 1, 24.22, 46.47, 75.53]
Thu Nov 19 12:44:25 2020
0.9405825138092041
[0.0, 0.0, 1, 23.58, 45.83, 74.89]
Thu Nov 19 12:44:27 2020
0.9579603672027588
[0.0, 0.0, 1.24, 22.78, 45.04, 74.1]
Thu Nov 19 12:44:29 2020
1.04067063331604
[0.0, 0.0, 1, 21.54, 43.8, 72.86]
Thu Nov 19 12:44:31 2020
1.0162553787231445
[0.0, 0.0, 4.68, 20.91, 43.17, 72.23]
Thu Nov 19 12:44:33 2020
1.0145838260650635
[0.0, 0.0, 1, 16.24, 38.49, 67.55]
Thu Nov 19 12:44:35 2020
0.9744982719421387
[0.0, 0.0, 1.33, 15.57, 37.82, 66.88]
Thu Nov 19 12:44:37 2020
0.9570572376251221
[0.0, 0.0, 1.33, 14.24, 36.49, 65.55]
Thu Nov 19 12:44:39 2020
0.9325611591339111
[0.0, 0.0, 1.42, 12.9, 35.15, 64.21]
Thu Nov 19 12:44:41 2020
0.9323379993438721
[0.0, 0.0, 1, 11.48, 33.73, 62.79]
Thu Nov 19 12:44:43 2020
1.0320181846618652
[0.0, 0.0, 1, 10.79, 33.05, 62.11]
Thu Nov 19 12:44:45 2020
0.9820613861083984
[0.0, 0.0, 1, 10.25, 32.51, 61.57]
Thu Nov 19 12:44:47 2020
1.0326378345489502
[0.0, 0.0, 2.11, 9.66, 31.92, 60.97]
Thu Nov 19 12:44:49 2020
1.0073320865631104
[0.0, 0.0, 1, 7.55, 29.8, 58.86]
Thu Nov 19 12:44:51 2020
1.0406177043914795
[0.0, 0.0, 1.64, 6.9, 29.15, 58.21]
Thu Nov 19 12:44:53 2020
1.1323297023773193
[0.0, 0.0, 2.17, 5.26, 27.51, 56.57]
Thu Nov 19 12:44:55 2020
1.0907278060913086
[0.0, 0.0, 0.0, 3.09, 25.34, 54.4]
Thu Nov 19 12:44:57 2020
0.957160234451294
[0.0, 0.0, 0.0, 1.7, 22.25, 51.31]
Thu Nov 19 12:44:59 2020
0.940751314163208
[0.0, 0.0, 0.0, 1, 20.55, 49.61]
Thu Nov 19 12:45:01 2020
1.0323772430419922
[0.0, 0.0, 0.0, 2.38, 19.92, 48.98]
Thu Nov 19 12:45:03 2020
1.0576295852661133
[0.0, 0.0, 0.0, 4.0, 17.54, 46.6]
Thu Nov 19 12:45:05 2020
0.94877028465271
[0.0, 0.0, 0.0, 1.91, 13.54, 42.6]
Thu Nov 19 12:45:07 2020
1.0489780902862549
[0.0, 0.0, 0.0, 1, 11.63, 40.69]
Thu Nov 19 12:45:09 2020
1.1240806579589844
[0.0, 0.0, 0.0, 2.65, 11.04, 40.1]
Thu Nov 19 12:45:11 2020
0.9655935764312744
[0.0, 0.0, 0.0, 1, 8.39, 37.44]
Thu Nov 19 12:45:13 2020
1.0157155990600586
[0.0, 0.0, 0.0, 2.28, 7.57, 36.63]
Thu Nov 19 12:45:15 2020
1.2406504154205322
[0.0, 0.0, 0.0, 4.5, 5.29, 34.35]
Thu Nov 19 12:45:17 2020
1.0823218822479248
[0.0, 0.0, 0.0, 0.0, 1, 29.85]
Thu Nov 19 12:45:19 2020
0.9738457202911377
[0.0, 0.0, 0.0, 0.0, 1, 29.06]
Thu Nov 19 12:45:21 2020
1.074023962020874
[0.0, 0.0, 0.0, 0.0, 1.49, 28.39]
Thu Nov 19 12:45:24 2020
1.0824720859527588
[0.0, 0.0, 0.0, 0.0, 2.32, 26.9]
Thu Nov 19 12:45:26 2020
1.1407582759857178
[0.0, 0.0, 0.0, 0.0, 1, 24.58]
Thu Nov 19 12:45:28 2020
0.9571480751037598
[0.0, 0.0, 0.0, 0.0, 1.35, 23.91]
Thu Nov 19 12:45:30 2020
1.0822486877441406
[0.0, 0.0, 0.0, 0.0, 3.41, 22.56]
Thu Nov 19 12:45:32 2020
1.1407561302185059
[0.0, 0.0, 0.0, 0.0, 1, 19.15]
Thu Nov 19 12:45:34 2020
1.115912675857544
[0.0, 0.0, 0.0, 0.0, 1, 18.37]
Thu Nov 19 12:45:36 2020
0.9989223480224609
[0.0, 0.0, 0.0, 0.0, 2.15, 18.07]
Thu Nov 19 12:45:38 2020
0.9821183681488037
[0.0, 0.0, 0.0, 0.0, 1, 15.92]
Thu Nov 19 12:45:40 2020
1.1241397857666016
[0.0, 0.0, 0.0, 0.0, 1, 15.79]
Thu Nov 19 12:45:42 2020
1.032139778137207
[0.0, 0.0, 0.0, 0.0, 1, 15.45]
Thu Nov 19 12:45:44 2020
0.9990072250366211
[0.0, 0.0, 0.0, 0.0, 1, 14.77]
Thu Nov 19 12:45:46 2020
1.0407354831695557
[0.0, 0.0, 0.0, 0.0, 0.0, 14.4]
Thu Nov 19 12:45:48 2020
1.1904551982879639
[0.0, 0.0, 0.0, 0.0, 3.64, 14.4]
Thu Nov 19 12:45:50 2020
0.9412350654602051
[0.0, 0.0, 0.0, 0.0, 1.08, 10.76]
Thu Nov 19 12:45:52 2020
1.0236022472381592
[0.0, 0.0, 0.0, 0.0, 1, 9.68]
Thu Nov 19 12:45:54 2020
1.0988976955413818
[0.0, 0.0, 0.0, 0.0, 1.92, 9.3]
Thu Nov 19 12:45:57 2020
1.0824170112609863
[0.0, 0.0, 0.0, 0.0, 1.0, 7.39]
Thu Nov 19 12:45:59 2020
1.0073587894439697
[0.0, 0.0, 0.0, 0.0, 4.08, 6.39]
Thu Nov 19 12:46:00 2020
0.9242663383483887
[0.0, 0.0, 0.0, 0.0, 0.0, 2.3]
Thu Nov 19 12:46:03 2020
1.1906065940856934
[0.0, 0.0, 0.0, 0.0, 0.0, 7.45]
Thu Nov 19 12:46:05 2020
1.0821850299835205
[0.0, 0.0, 0.0, 0.0, 0.0, 6.09]
Thu Nov 19 12:46:07 2020
1.0335891246795654
[0.0, 0.0, 0.0, 0.0, 0.0, 1.73]
Thu Nov 19 12:46:09 2020
0.9894068241119385
[0.0, 0.0, 0.0, 0.0, 0.0, 1.98]
Thu Nov 19 12:46:11 2020
1.1829066276550293
[0.0, 0.0, 0.0, 0.0, 0.0, 1]
Thu Nov 19 12:46:13 2020
1.1236042976379395
[0.0, 0.0, 0.0, 0.0, 0.0, 1]
Thu Nov 19 12:46:15 2020
0.9325475692749023
[0.0, 0.0, 0.0, 0.0, 0.0, 1]
Thu Nov 19 12:46:17 2020
1.056983470916748
[0.0, 0.0, 0.0, 0.0, 0.0, 1]
Thu Nov 19 12:46:19 2020
0.9825403690338135
