[1.04, 26.04, 44.37, 73.86, 96.11, 125.17]
Wed Nov 18 20:20:06 2020
1.1745915412902832
[1.11, 25.0, 43.33, 72.82, 95.07, 124.13]
Wed Nov 18 20:20:08 2020
0.9150497913360596
[2.06, 23.88, 42.21, 71.7, 93.96, 123.02]
Wed Nov 18 20:20:10 2020
1.05753493309021
[1.3, 21.82, 40.15, 69.64, 91.9, 120.96]
Wed Nov 18 20:20:12 2020
1.099135398864746
[1.42, 20.52, 38.86, 68.35, 90.6, 119.66]
Wed Nov 18 20:20:15 2020
1.223951816558838
[1.05, 19.1, 37.44, 66.93, 89.18, 118.24]
Wed Nov 18 20:20:17 2020
1.0237140655517578
[1, 18.05, 36.38, 65.87, 88.13, 117.19]
Wed Nov 18 20:20:19 2020
1.0574562549591064
[1.78, 17.61, 35.94, 65.43, 87.68, 116.74]
Wed Nov 18 20:20:21 2020
0.9660096168518066
[2.56, 15.83, 34.16, 63.65, 85.91, 114.97]
Wed Nov 18 20:20:23 2020
1.1735787391662598
[1, 13.27, 31.61, 61.1, 83.35, 112.41]
Wed Nov 18 20:20:25 2020
1.2325053215026855
[1.03, 12.37, 30.7, 60.19, 82.44, 111.5]
Wed Nov 18 20:20:27 2020
1.1407968997955322
[2.98, 11.34, 29.67, 59.16, 81.42, 110.48]
Wed Nov 18 20:20:29 2020
1.0907258987426758
[1, 8.36, 26.69, 56.18, 78.43, 107.49]
Wed Nov 18 20:20:31 2020
1.1153998374938965
[1, 7.64, 25.98, 55.47, 77.72, 106.78]
Wed Nov 18 20:20:34 2020
1.2244000434875488
[2.74, 6.95, 25.29, 54.78, 77.03, 106.09]
Wed Nov 18 20:20:35 2020
0.9571614265441895
[1, 4.21, 22.54, 52.03, 74.29, 103.35]
Wed Nov 18 20:20:38 2020
1.2071027755737305
[1.88, 3.83, 22.17, 51.66, 73.91, 102.97]
Wed Nov 18 20:20:40 2020
1.024383306503296
[0.0, 1.95, 20.29, 49.78, 72.03, 101.09]
Wed Nov 18 20:20:42 2020
1.0658032894134521
[0.0, 1.38, 18.33, 47.82, 70.08, 99.14]
Wed Nov 18 20:20:44 2020
1.1323230266571045
[0.0, 1.09, 16.96, 46.45, 68.7, 97.76]
Wed Nov 18 20:20:46 2020
0.9735548496246338
[0.0, 1, 15.87, 45.36, 67.61, 96.67]
Wed Nov 18 20:20:48 2020
1.1749048233032227
[0.0, 1.17, 15.31, 44.8, 67.05, 96.11]
Wed Nov 18 20:20:50 2020
1.0230093002319336
[0.0, 1, 14.14, 43.63, 65.89, 94.95]
Wed Nov 18 20:20:52 2020
1.0490634441375732
[0.0, 1.38, 13.44, 42.93, 65.18, 94.24]
Wed Nov 18 20:20:54 2020
1.2075440883636475
[0.0, 1.44, 12.06, 41.55, 63.81, 92.86]
Wed Nov 18 20:20:56 2020
1.1242594718933105
[0.0, 1.06, 10.62, 40.11, 62.36, 91.42]
Wed Nov 18 20:20:59 2020
1.1485321521759033
[0.0, 1.97, 9.56, 39.05, 61.31, 90.37]
Wed Nov 18 20:21:01 2020
1.0826568603515625
[0.0, 2.18, 7.59, 37.08, 59.34, 88.4]
Wed Nov 18 20:21:03 2020
1.2736873626708984
[0.0, 1, 5.42, 34.91, 57.16, 86.22]
Wed Nov 18 20:21:05 2020
1.1742231845855713
[0.0, 1, 4.91, 34.4, 56.66, 85.72]
Wed Nov 18 20:21:07 2020
1.0824253559112549
[0.0, 1.98, 4.07, 33.56, 55.81, 84.87]
Wed Nov 18 20:21:09 2020
1.1657235622406006
[0.0, 1, 2.09, 31.58, 53.84, 82.89]
Wed Nov 18 20:21:12 2020
1.1151394844055176
[0.0, 1.25, 2.03, 31.52, 53.77, 82.83]
Wed Nov 18 20:21:14 2020
1.1826598644256592
[0.0, 0.0, 1, 30.27, 52.52, 81.58]
Wed Nov 18 20:21:16 2020
0.9490640163421631
[0.0, 0.0, 1.56, 29.49, 51.74, 80.8]
Wed Nov 18 20:21:18 2020
1.2157511711120605
[0.0, 0.0, 1.05, 27.93, 50.19, 79.25]
Wed Nov 18 20:21:20 2020
0.9322271347045898
[0.0, 0.0, 1, 26.88, 49.14, 78.2]
Wed Nov 18 20:21:22 2020
1.0157501697540283
[0.0, 0.0, 2.45, 26.67, 48.93, 77.99]
Wed Nov 18 20:21:24 2020
1.1740691661834717
[0.0, 0.0, 1, 24.22, 46.47, 75.53]
Wed Nov 18 20:21:26 2020
0.9488649368286133
[0.0, 0.0, 1, 23.58, 45.83, 74.89]
Wed Nov 18 20:21:28 2020
1.1408381462097168
[0.0, 0.0, 1.24, 22.78, 45.04, 74.1]
Wed Nov 18 20:21:30 2020
0.9407548904418945
[0.0, 0.0, 1, 21.54, 43.8, 72.86]
Wed Nov 18 20:21:32 2020
1.1402766704559326
[0.0, 0.0, 4.68, 20.91, 43.17, 72.23]
Wed Nov 18 20:21:34 2020
1.1910762786865234
[0.0, 0.0, 1, 16.24, 38.49, 67.55]
Wed Nov 18 20:21:37 2020
1.232057809829712
[0.0, 0.0, 1.33, 15.57, 37.82, 66.88]
Wed Nov 18 20:21:39 2020
1.1657905578613281
[0.0, 0.0, 1.33, 14.24, 36.49, 65.55]
Wed Nov 18 20:21:41 2020
0.9822170734405518
[0.0, 0.0, 1.42, 12.9, 35.15, 64.21]
Wed Nov 18 20:21:43 2020
1.1662354469299316
[0.0, 0.0, 1, 11.48, 33.73, 62.79]
Wed Nov 18 20:21:45 2020
1.115074872970581
[0.0, 0.0, 1, 10.79, 33.05, 62.11]
Wed Nov 18 20:21:47 2020
1.1402547359466553
[0.0, 0.0, 1, 10.25, 32.51, 61.57]
Wed Nov 18 20:21:49 2020
0.999150276184082
[0.0, 0.0, 2.11, 9.66, 31.92, 60.97]
Wed Nov 18 20:21:51 2020
1.1242291927337646
[0.0, 0.0, 1, 7.55, 29.8, 58.86]
Wed Nov 18 20:21:54 2020
1.3906242847442627
[0.0, 0.0, 1.64, 6.9, 29.15, 58.21]
Wed Nov 18 20:21:56 2020
0.990729808807373
[0.0, 0.0, 2.17, 5.26, 27.51, 56.57]
Wed Nov 18 20:21:58 2020
1.2238116264343262
[0.0, 0.0, 0.0, 3.09, 25.34, 54.4]
Wed Nov 18 20:22:00 2020
1.0739824771881104
[0.0, 0.0, 0.0, 1.7, 22.25, 51.31]
Wed Nov 18 20:22:02 2020
1.0490033626556396
[0.0, 0.0, 0.0, 1, 20.55, 49.61]
Wed Nov 18 20:22:04 2020
1.2655963897705078
[0.0, 0.0, 0.0, 2.38, 19.92, 48.98]
Wed Nov 18 20:22:06 2020
0.9324686527252197
[0.0, 0.0, 0.0, 4.0, 17.54, 46.6]
Wed Nov 18 20:22:08 2020
1.1908588409423828
[0.0, 0.0, 0.0, 1.91, 13.54, 42.6]
Wed Nov 18 20:22:10 2020
0.9988422393798828
[0.0, 0.0, 0.0, 1, 11.63, 40.69]
Wed Nov 18 20:22:13 2020
1.107447862625122
[0.0, 0.0, 0.0, 2.65, 11.04, 40.1]
Wed Nov 18 20:22:15 2020
1.2158010005950928
[0.0, 0.0, 0.0, 1, 8.39, 37.44]
Wed Nov 18 20:22:17 2020
1.1738557815551758
[0.0, 0.0, 0.0, 2.28, 7.57, 36.63]
Wed Nov 18 20:22:19 2020
1.140571117401123
[0.0, 0.0, 0.0, 4.5, 5.29, 34.35]
Wed Nov 18 20:22:21 2020
0.9660358428955078
[0.0, 0.0, 0.0, 0.0, 1, 29.85]
Wed Nov 18 20:22:23 2020
1.3404903411865234
[0.0, 0.0, 0.0, 0.0, 1, 29.06]
Wed Nov 18 20:22:25 2020
1.0239167213439941
[0.0, 0.0, 0.0, 0.0, 1.49, 28.39]
Wed Nov 18 20:22:28 2020
1.1405434608459473
[0.0, 0.0, 0.0, 0.0, 2.32, 26.9]
Wed Nov 18 20:22:30 2020
0.9988279342651367
[0.0, 0.0, 0.0, 0.0, 1, 24.58]
Wed Nov 18 20:22:32 2020
1.1826286315917969
[0.0, 0.0, 0.0, 0.0, 1.35, 23.91]
Wed Nov 18 20:22:34 2020
1.3738577365875244
[0.0, 0.0, 0.0, 0.0, 3.41, 22.56]
Wed Nov 18 20:22:36 2020
1.3573784828186035
[0.0, 0.0, 0.0, 0.0, 1, 19.15]
Wed Nov 18 20:22:39 2020
1.398923635482788
[0.0, 0.0, 0.0, 0.0, 1, 18.37]
Wed Nov 18 20:22:41 2020
1.349217414855957
[0.0, 0.0, 0.0, 0.0, 2.15, 18.07]
Wed Nov 18 20:22:43 2020
1.2321500778198242
[0.0, 0.0, 0.0, 0.0, 1, 15.92]
Wed Nov 18 20:22:45 2020
0.9324541091918945
[0.0, 0.0, 0.0, 0.0, 1, 15.79]
Wed Nov 18 20:22:47 2020
0.9988052845001221
[0.0, 0.0, 0.0, 0.0, 1, 15.45]
Wed Nov 18 20:22:49 2020
1.0427794456481934
[0.0, 0.0, 0.0, 0.0, 1, 14.77]
Wed Nov 18 20:22:51 2020
0.9470582008361816
[0.0, 0.0, 0.0, 0.0, 0.0, 14.4]
Wed Nov 18 20:22:54 2020
1.1407544612884521
[0.0, 0.0, 0.0, 0.0, 3.64, 14.4]
Wed Nov 18 20:22:56 2020
1.256896734237671
[0.0, 0.0, 0.0, 0.0, 1.08, 10.76]
Wed Nov 18 20:22:58 2020
1.1909968852996826
[0.0, 0.0, 0.0, 0.0, 1, 9.68]
Wed Nov 18 20:23:00 2020
1.3821868896484375
[0.0, 0.0, 0.0, 0.0, 1.92, 9.3]
Wed Nov 18 20:23:03 2020
1.2073233127593994
[0.0, 0.0, 0.0, 0.0, 1.0, 7.39]
Wed Nov 18 20:23:05 2020
1.0075016021728516
[0.0, 0.0, 0.0, 0.0, 4.08, 6.39]
Wed Nov 18 20:23:07 2020
1.0657658576965332
[0.0, 0.0, 0.0, 0.0, 0.0, 2.3]
Wed Nov 18 20:23:09 2020
1.0488553047180176
[0.0, 0.0, 0.0, 0.0, 0.0, 7.45]
Wed Nov 18 20:23:11 2020
1.132272720336914
[0.0, 0.0, 0.0, 0.0, 0.0, 6.09]
Wed Nov 18 20:23:13 2020
0.9656367301940918
[0.0, 0.0, 0.0, 0.0, 0.0, 1.73]
Wed Nov 18 20:23:15 2020
1.3239390850067139
[0.0, 0.0, 0.0, 0.0, 0.0, 1.98]
Wed Nov 18 20:23:17 2020
1.1827027797698975
[0.0, 0.0, 0.0, 0.0, 0.0, 1]
Wed Nov 18 20:23:19 2020
1.1485960483551025
[0.0, 0.0, 0.0, 0.0, 0.0, 1]
Wed Nov 18 20:23:21 2020
0.9659557342529297
[0.0, 0.0, 0.0, 0.0, 0.0, 1]
Wed Nov 18 20:23:24 2020
1.1571271419525146
[0.0, 0.0, 0.0, 0.0, 0.0, 1]
Wed Nov 18 20:23:26 2020
1.223961353302002
