[1.04, 26.04, 44.37, 73.86, 96.11, 125.17]
Wed Nov 18 20:20:22 2020
1.141728162765503
[1.11, 25.0, 43.33, 72.82, 95.07, 124.13]
Wed Nov 18 20:20:24 2020
1.0319092273712158
[2.06, 23.88, 42.21, 71.7, 93.96, 123.02]
Wed Nov 18 20:20:26 2020
1.2497239112854004
[1.3, 21.82, 40.15, 69.64, 91.9, 120.96]
Wed Nov 18 20:20:28 2020
0.9818956851959229
[1.42, 20.52, 38.86, 68.35, 90.6, 119.66]
Wed Nov 18 20:20:30 2020
1.2572288513183594
[1.05, 19.1, 37.44, 66.93, 89.18, 118.24]
Wed Nov 18 20:20:32 2020
1.0575792789459229
[1, 18.05, 36.38, 65.87, 88.13, 117.19]
Wed Nov 18 20:20:35 2020
1.1741492748260498
[1.78, 17.61, 35.94, 65.43, 87.68, 116.74]
Wed Nov 18 20:20:37 2020
1.1068885326385498
[2.56, 15.83, 34.16, 63.65, 85.91, 114.97]
Wed Nov 18 20:20:39 2020
1.0743248462677002
[1, 13.27, 31.61, 61.1, 83.35, 112.41]
Wed Nov 18 20:20:41 2020
1.0322799682617188
[1.03, 12.37, 30.7, 60.19, 82.44, 111.5]
Wed Nov 18 20:20:43 2020
1.1241040229797363
[2.98, 11.34, 29.67, 59.16, 81.42, 110.48]
Wed Nov 18 20:20:45 2020
1.0572929382324219
[1, 8.36, 26.69, 56.18, 78.43, 107.49]
Wed Nov 18 20:20:47 2020
1.1238453388214111
[1, 7.64, 25.98, 55.47, 77.72, 106.78]
Wed Nov 18 20:20:49 2020
0.9567997455596924
[2.74, 6.95, 25.29, 54.78, 77.03, 106.09]
Wed Nov 18 20:20:51 2020
1.0413682460784912
[1, 4.21, 22.54, 52.03, 74.29, 103.35]
Wed Nov 18 20:20:53 2020
1.2653930187225342
[1.88, 3.83, 22.17, 51.66, 73.91, 102.97]
Wed Nov 18 20:20:55 2020
1.0241284370422363
[0.0, 1.95, 20.29, 49.78, 72.03, 101.09]
Wed Nov 18 20:20:58 2020
1.257215976715088
[0.0, 1.38, 18.33, 47.82, 70.08, 99.14]
Wed Nov 18 20:21:00 2020
0.9573616981506348
[0.0, 1.09, 16.96, 46.45, 68.7, 97.76]
Wed Nov 18 20:21:02 2020
1.3074684143066406
[0.0, 1, 15.87, 45.36, 67.61, 96.67]
Wed Nov 18 20:21:04 2020
1.2569994926452637
[0.0, 1.17, 15.31, 44.8, 67.05, 96.11]
Wed Nov 18 20:21:06 2020
0.9904940128326416
[0.0, 1, 14.14, 43.63, 65.89, 94.95]
Wed Nov 18 20:21:08 2020
1.2909855842590332
[0.0, 1.38, 13.44, 42.93, 65.18, 94.24]
Wed Nov 18 20:21:10 2020
0.9821062088012695
[0.0, 1.44, 12.06, 41.55, 63.81, 92.86]
Wed Nov 18 20:21:13 2020
1.199214220046997
[0.0, 1.06, 10.62, 40.11, 62.36, 91.42]
Wed Nov 18 20:21:15 2020
1.107318639755249
[0.0, 1.97, 9.56, 39.05, 61.31, 90.37]
Wed Nov 18 20:21:17 2020
1.0818908214569092
[0.0, 2.18, 7.59, 37.08, 59.34, 88.4]
Wed Nov 18 20:21:19 2020
1.0325398445129395
[0.0, 1, 5.42, 34.91, 57.16, 86.22]
Wed Nov 18 20:21:21 2020
0.9740643501281738
[0.0, 1, 4.91, 34.4, 56.66, 85.72]
Wed Nov 18 20:21:23 2020
1.1240708827972412
[0.0, 1.98, 4.07, 33.56, 55.81, 84.87]
Wed Nov 18 20:21:25 2020
1.049095630645752
[0.0, 1, 2.09, 31.58, 53.84, 82.89]
Wed Nov 18 20:21:27 2020
1.0822608470916748
[0.0, 1.25, 2.03, 31.52, 53.77, 82.83]
Wed Nov 18 20:21:29 2020
0.9823188781738281
[0.0, 0.0, 1, 30.27, 52.52, 81.58]
Wed Nov 18 20:21:31 2020
0.9989051818847656
[0.0, 0.0, 1.56, 29.49, 51.74, 80.8]
Wed Nov 18 20:21:33 2020
1.2489709854125977
[0.0, 0.0, 1.05, 27.93, 50.19, 79.25]
Wed Nov 18 20:21:35 2020
1.1738097667694092
[0.0, 0.0, 1, 26.88, 49.14, 78.2]
Wed Nov 18 20:21:38 2020
1.324021816253662
[0.0, 0.0, 2.45, 26.67, 48.93, 77.99]
Wed Nov 18 20:21:40 2020
0.9656774997711182
[0.0, 0.0, 1, 24.22, 46.47, 75.53]
Wed Nov 18 20:21:42 2020
1.0400688648223877
[0.0, 0.0, 1, 23.58, 45.83, 74.89]
Wed Nov 18 20:21:44 2020
1.2742044925689697
[0.0, 0.0, 1.24, 22.78, 45.04, 74.1]
Wed Nov 18 20:21:46 2020
0.9745252132415771
[0.0, 0.0, 1, 21.54, 43.8, 72.86]
Wed Nov 18 20:21:48 2020
1.182098627090454
[0.0, 0.0, 4.68, 20.91, 43.17, 72.23]
Wed Nov 18 20:21:50 2020
0.9987277984619141
[0.0, 0.0, 1, 16.24, 38.49, 67.55]
Wed Nov 18 20:21:53 2020
1.349219799041748
[0.0, 0.0, 1.33, 15.57, 37.82, 66.88]
Wed Nov 18 20:21:55 2020
1.0994846820831299
[0.0, 0.0, 1.33, 14.24, 36.49, 65.55]
Wed Nov 18 20:21:57 2020
1.0814781188964844
[0.0, 0.0, 1.42, 12.9, 35.15, 64.21]
Wed Nov 18 20:21:59 2020
1.1743292808532715
[0.0, 0.0, 1, 11.48, 33.73, 62.79]
Wed Nov 18 20:22:01 2020
0.9903309345245361
[0.0, 0.0, 1, 10.79, 33.05, 62.11]
Wed Nov 18 20:22:03 2020
1.1739251613616943
[0.0, 0.0, 1, 10.25, 32.51, 61.57]
Wed Nov 18 20:22:05 2020
1.1823525428771973
[0.0, 0.0, 2.11, 9.66, 31.92, 60.97]
Wed Nov 18 20:22:07 2020
1.0327212810516357
[0.0, 0.0, 1, 7.55, 29.8, 58.86]
Wed Nov 18 20:22:09 2020
1.1318790912628174
[0.0, 0.0, 1.64, 6.9, 29.15, 58.21]
Wed Nov 18 20:22:11 2020
0.9910380840301514
[0.0, 0.0, 2.17, 5.26, 27.51, 56.57]
Wed Nov 18 20:22:14 2020
1.2989728450775146
[0.0, 0.0, 0.0, 3.09, 25.34, 54.4]
Wed Nov 18 20:22:16 2020
0.9402899742126465
[0.0, 0.0, 0.0, 1.7, 22.25, 51.31]
Wed Nov 18 20:22:18 2020
1.3579227924346924
[0.0, 0.0, 0.0, 1, 20.55, 49.61]
Wed Nov 18 20:22:20 2020
0.9656813144683838
[0.0, 0.0, 0.0, 2.38, 19.92, 48.98]
Wed Nov 18 20:22:22 2020
1.1486830711364746
[0.0, 0.0, 0.0, 4.0, 17.54, 46.6]
Wed Nov 18 20:22:24 2020
1.2907493114471436
[0.0, 0.0, 0.0, 1.91, 13.54, 42.6]
Wed Nov 18 20:22:27 2020
1.0661861896514893
[0.0, 0.0, 0.0, 1, 11.63, 40.69]
Wed Nov 18 20:22:29 2020
1.0735185146331787
[0.0, 0.0, 0.0, 2.65, 11.04, 40.1]
Wed Nov 18 20:22:31 2020
1.007502794265747
[0.0, 0.0, 0.0, 1, 8.39, 37.44]
Wed Nov 18 20:22:33 2020
1.2991068363189697
[0.0, 0.0, 0.0, 2.28, 7.57, 36.63]
Wed Nov 18 20:22:35 2020
1.4070637226104736
[0.0, 0.0, 0.0, 4.5, 5.29, 34.35]
Wed Nov 18 20:22:38 2020
1.340524435043335
[0.0, 0.0, 0.0, 0.0, 1, 29.85]
Wed Nov 18 20:22:40 2020
1.2660913467407227
[0.0, 0.0, 0.0, 0.0, 1, 29.06]
Wed Nov 18 20:22:42 2020
1.4076063632965088
[0.0, 0.0, 0.0, 0.0, 1.49, 28.39]
Wed Nov 18 20:22:44 2020
1.0568900108337402
[0.0, 0.0, 0.0, 0.0, 2.32, 26.9]
Wed Nov 18 20:22:46 2020
0.9158108234405518
[0.0, 0.0, 0.0, 0.0, 1, 24.58]
Wed Nov 18 20:22:48 2020
1.0989305973052979
[0.0, 0.0, 0.0, 0.0, 1.35, 23.91]
Wed Nov 18 20:22:50 2020
0.990375280380249
[0.0, 0.0, 0.0, 0.0, 3.41, 22.56]
Wed Nov 18 20:22:52 2020
0.8906221389770508
[0.0, 0.0, 0.0, 0.0, 1, 19.15]
Wed Nov 18 20:22:55 2020
1.3572280406951904
[0.0, 0.0, 0.0, 0.0, 1, 18.37]
Wed Nov 18 20:22:57 2020
1.2074122428894043
[0.0, 0.0, 0.0, 0.0, 2.15, 18.07]
Wed Nov 18 20:22:59 2020
1.3490428924560547
[0.0, 0.0, 0.0, 0.0, 1, 15.92]
Wed Nov 18 20:23:02 2020
1.282498836517334
[0.0, 0.0, 0.0, 0.0, 1, 15.79]
Wed Nov 18 20:23:04 2020
1.0911173820495605
[0.0, 0.0, 0.0, 0.0, 1, 15.45]
Wed Nov 18 20:23:06 2020
1.0153772830963135
[0.0, 0.0, 0.0, 0.0, 1, 14.77]
Wed Nov 18 20:23:08 2020
1.0071189403533936
[0.0, 0.0, 0.0, 0.0, 0.0, 14.4]
Wed Nov 18 20:23:10 2020
1.1656615734100342
[0.0, 0.0, 0.0, 0.0, 3.64, 14.4]
Wed Nov 18 20:23:12 2020
1.0158276557922363
[0.0, 0.0, 0.0, 0.0, 1.08, 10.76]
Wed Nov 18 20:23:14 2020
1.1319377422332764
[0.0, 0.0, 0.0, 0.0, 1, 9.68]
Wed Nov 18 20:23:16 2020
1.224656581878662
[0.0, 0.0, 0.0, 0.0, 1.92, 9.3]
Wed Nov 18 20:23:18 2020
1.1236205101013184
[0.0, 0.0, 0.0, 0.0, 1.0, 7.39]
Wed Nov 18 20:23:20 2020
1.1990437507629395
[0.0, 0.0, 0.0, 0.0, 4.08, 6.39]
Wed Nov 18 20:23:23 2020
1.0155634880065918
[0.0, 0.0, 0.0, 0.0, 0.0, 2.3]
Wed Nov 18 20:23:25 2020
1.232072353363037
[0.0, 0.0, 0.0, 0.0, 0.0, 7.45]
Wed Nov 18 20:23:27 2020
1.1083133220672607
[0.0, 0.0, 0.0, 0.0, 0.0, 6.09]
Wed Nov 18 20:23:29 2020
0.9234704971313477
[0.0, 0.0, 0.0, 0.0, 0.0, 1.73]
Wed Nov 18 20:23:31 2020
1.0404751300811768
[0.0, 0.0, 0.0, 0.0, 0.0, 1.98]
Wed Nov 18 20:23:33 2020
0.9658582210540771
[0.0, 0.0, 0.0, 0.0, 0.0, 1]
Wed Nov 18 20:23:35 2020
1.1156423091888428
[0.0, 0.0, 0.0, 0.0, 0.0, 1]
Wed Nov 18 20:23:37 2020
0.9485054016113281
[0.0, 0.0, 0.0, 0.0, 0.0, 1]
Wed Nov 18 20:23:39 2020
0.9907114505767822
[0.0, 0.0, 0.0, 0.0, 0.0, 1]
Wed Nov 18 20:23:41 2020
1.1322836875915527
