[1.04, 26.04, 44.37, 73.86, 96.11, 125.17]
Thu Nov 19 13:43:17 2020
1.0459105968475342
[1.11, 25.0, 43.33, 72.82, 95.07, 124.13]
Thu Nov 19 13:43:20 2020
2.1577913761138916
[2.06, 23.88, 42.21, 71.7, 93.96, 123.02]
Thu Nov 19 13:43:23 2020
1.923992395401001
[1.3, 21.82, 40.15, 69.64, 91.9, 120.96]
Thu Nov 19 13:43:25 2020
1.057220458984375
[1.42, 20.52, 38.86, 68.35, 90.6, 119.66]
Thu Nov 19 13:43:27 2020
1.0903410911560059
[1.05, 19.1, 37.44, 66.93, 89.18, 118.24]
Thu Nov 19 13:43:34 2020
6.123981475830078
[1, 18.05, 36.38, 65.87, 88.13, 117.19]
Thu Nov 19 13:43:39 2020
3.949625015258789
[1.78, 17.61, 35.94, 65.43, 87.68, 116.74]
Thu Nov 19 13:43:45 2020
4.832164764404297
[2.56, 15.83, 34.16, 63.65, 85.91, 114.97]
Thu Nov 19 13:43:47 2020
1.1413490772247314
[1, 13.27, 31.61, 61.1, 83.35, 112.41]
Thu Nov 19 13:43:50 2020
1.1653122901916504
[1.03, 12.37, 30.7, 60.19, 82.44, 111.5]
Thu Nov 19 13:43:53 2020
2.0074102878570557
[2.98, 11.34, 29.67, 59.16, 81.42, 110.48]
Thu Nov 19 13:43:56 2020
2.0155582427978516
[1, 8.36, 26.69, 56.18, 78.43, 107.49]
Thu Nov 19 13:43:59 2020
1.999007225036621
[1, 7.64, 25.98, 55.47, 77.72, 106.78]
Thu Nov 19 13:44:01 2020
1.1245532035827637
[2.74, 6.95, 25.29, 54.78, 77.03, 106.09]
Thu Nov 19 13:44:03 2020
1.0233423709869385
[1, 4.21, 22.54, 52.03, 74.29, 103.35]
Thu Nov 19 13:44:05 2020
1.1405830383300781
[1.88, 3.83, 22.17, 51.66, 73.91, 102.97]
Thu Nov 19 13:44:07 2020
1.1739442348480225
[0.0, 1.95, 20.29, 49.78, 72.03, 101.09]
Thu Nov 19 13:44:09 2020
1.099090337753296
[0.0, 1.38, 18.33, 47.82, 70.08, 99.14]
Thu Nov 19 13:44:11 2020
1.1575417518615723
[0.0, 1.09, 16.96, 46.45, 68.7, 97.76]
Thu Nov 19 13:44:15 2020
2.8318731784820557
[0.0, 1, 15.87, 45.36, 67.61, 96.67]
Thu Nov 19 13:44:17 2020
1.032578945159912
[0.0, 1.17, 15.31, 44.8, 67.05, 96.11]
Thu Nov 19 13:44:19 2020
0.9573550224304199
[0.0, 1, 14.14, 43.63, 65.89, 94.95]
Thu Nov 19 13:44:24 2020
4.099146127700806
[0.0, 1.38, 13.44, 42.93, 65.18, 94.24]
Thu Nov 19 13:44:27 2020
2.10724139213562
[0.0, 1.44, 12.06, 41.55, 63.81, 92.86]
Thu Nov 19 13:44:30 2020
1.19899320602417
[0.0, 1.06, 10.62, 40.11, 62.36, 91.42]
Thu Nov 19 13:44:33 2020
2.2409472465515137
[0.0, 1.97, 9.56, 39.05, 61.31, 90.37]
Thu Nov 19 13:44:35 2020
1.0321521759033203
[0.0, 2.18, 7.59, 37.08, 59.34, 88.4]
Thu Nov 19 13:44:37 2020
1.18222975730896
[0.0, 1, 5.42, 34.91, 57.16, 86.22]
Thu Nov 19 13:44:40 2020
1.982520580291748
[0.0, 1, 4.91, 34.4, 56.66, 85.72]
Thu Nov 19 13:44:42 2020
1.382070779800415
[0.0, 1.98, 4.07, 33.56, 55.81, 84.87]
Thu Nov 19 13:44:45 2020
1.1817593574523926
[0.0, 1, 2.09, 31.58, 53.84, 82.89]
Thu Nov 19 13:44:47 2020
1.0990798473358154
[0.0, 1.25, 2.03, 31.52, 53.77, 82.83]
Thu Nov 19 13:44:53 2020
5.2163872718811035
[0.0, 0.0, 1, 30.27, 52.52, 81.58]
Thu Nov 19 13:44:57 2020
3.1322546005249023
[0.0, 0.0, 1.56, 29.49, 51.74, 80.8]
Thu Nov 19 13:45:05 2020
7.149562120437622
[0.0, 0.0, 1.05, 27.93, 50.19, 79.25]
Thu Nov 19 13:45:07 2020
1.139988660812378
[0.0, 0.0, 1, 26.88, 49.14, 78.2]
Thu Nov 19 13:45:11 2020
3.049144744873047
[0.0, 0.0, 2.45, 26.67, 48.93, 77.99]
Thu Nov 19 13:45:14 2020
1.4401733875274658
[0.0, 0.0, 1, 24.22, 46.47, 75.53]
Thu Nov 19 13:45:16 2020
1.082564353942871
[0.0, 0.0, 1, 23.58, 45.83, 74.89]
Thu Nov 19 13:45:18 2020
1.1159827709197998
[0.0, 0.0, 1.24, 22.78, 45.04, 74.1]
Thu Nov 19 13:45:20 2020
1.11556077003479
[0.0, 0.0, 1, 21.54, 43.8, 72.86]
Thu Nov 19 13:45:22 2020
1.248859167098999
[0.0, 0.0, 4.68, 20.91, 43.17, 72.23]
Thu Nov 19 13:45:25 2020
1.190852403640747
[0.0, 0.0, 1, 16.24, 38.49, 67.55]
Thu Nov 19 13:45:27 2020
1.3489773273468018
[0.0, 0.0, 1.33, 15.57, 37.82, 66.88]
Thu Nov 19 13:45:29 2020
1.1492836475372314
[0.0, 0.0, 1.33, 14.24, 36.49, 65.55]
Thu Nov 19 13:45:32 2020
1.5570755004882812
[0.0, 0.0, 1.42, 12.9, 35.15, 64.21]
Thu Nov 19 13:45:35 2020
2.1241204738616943
[0.0, 0.0, 1, 11.48, 33.73, 62.79]
Thu Nov 19 13:45:37 2020
1.2654263973236084
[0.0, 0.0, 1, 10.79, 33.05, 62.11]
Thu Nov 19 13:45:41 2020
3.4073402881622314
[0.0, 0.0, 1, 10.25, 32.51, 61.57]
Thu Nov 19 13:45:43 2020
1.0406889915466309
[0.0, 0.0, 2.11, 9.66, 31.92, 60.97]
Thu Nov 19 13:45:47 2020
2.5906388759613037
[0.0, 0.0, 1, 7.55, 29.8, 58.86]
Thu Nov 19 13:45:49 2020
1.257154941558838
[0.0, 0.0, 1.64, 6.9, 29.15, 58.21]
Thu Nov 19 13:45:52 2020
1.2073655128479004
[0.0, 0.0, 2.17, 5.26, 27.51, 56.57]
Thu Nov 19 13:45:54 2020
1.0574560165405273
[0.0, 0.0, 0.0, 3.09, 25.34, 54.4]
Thu Nov 19 13:45:56 2020
1.2484712600708008
[0.0, 0.0, 0.0, 1.7, 22.25, 51.31]
Thu Nov 19 13:45:58 2020
1.4743893146514893
[0.0, 0.0, 0.0, 1, 20.55, 49.61]
Thu Nov 19 13:46:01 2020
2.157411575317383
[0.0, 0.0, 0.0, 2.38, 19.92, 48.98]
Thu Nov 19 13:46:03 2020
0.915748119354248
[0.0, 0.0, 0.0, 4.0, 17.54, 46.6]
Thu Nov 19 13:46:07 2020
2.399123430252075
[0.0, 0.0, 0.0, 1.91, 13.54, 42.6]
Thu Nov 19 13:46:09 2020
1.1404292583465576
[0.0, 0.0, 0.0, 1, 11.63, 40.69]
Thu Nov 19 13:46:15 2020
4.857343435287476
[0.0, 0.0, 0.0, 2.65, 11.04, 40.1]
Thu Nov 19 13:46:19 2020
3.465510845184326
[0.0, 0.0, 0.0, 1, 8.39, 37.44]
Thu Nov 19 13:46:21 2020
1.2408649921417236
[0.0, 0.0, 0.0, 2.28, 7.57, 36.63]
Thu Nov 19 13:46:24 2020
1.623903512954712
[0.0, 0.0, 0.0, 4.5, 5.29, 34.35]
Thu Nov 19 13:46:27 2020
1.4325215816497803
[0.0, 0.0, 0.0, 0.0, 1, 29.85]
Thu Nov 19 13:46:29 2020
1.3820650577545166
[0.0, 0.0, 0.0, 0.0, 1, 29.06]
Thu Nov 19 13:46:31 2020
1.1990723609924316
[0.0, 0.0, 0.0, 0.0, 1.49, 28.39]
Thu Nov 19 13:46:33 2020
0.9989666938781738
[0.0, 0.0, 0.0, 0.0, 2.32, 26.9]
Thu Nov 19 13:46:36 2020
1.4241878986358643
[0.0, 0.0, 0.0, 0.0, 1, 24.58]
Thu Nov 19 13:46:39 2020
2.457007646560669
[0.0, 0.0, 0.0, 0.0, 1.35, 23.91]
Thu Nov 19 13:46:44 2020
4.11577582359314
[0.0, 0.0, 0.0, 0.0, 3.41, 22.56]
Thu Nov 19 13:46:46 2020
1.0819981098175049
[0.0, 0.0, 0.0, 0.0, 1, 19.15]
Thu Nov 19 13:46:48 2020
1.182347059249878
[0.0, 0.0, 0.0, 0.0, 1, 18.37]
Thu Nov 19 13:46:52 2020
3.024254083633423
[0.0, 0.0, 0.0, 0.0, 2.15, 18.07]
Thu Nov 19 13:46:59 2020
5.29080867767334
[0.0, 0.0, 0.0, 0.0, 1, 15.92]
Thu Nov 19 13:47:01 2020
1.256770133972168
[0.0, 0.0, 0.0, 0.0, 1, 15.79]
Thu Nov 19 13:47:03 2020
1.1835641860961914
[0.0, 0.0, 0.0, 0.0, 1, 15.45]
Thu Nov 19 13:47:05 2020
1.131399154663086
[0.0, 0.0, 0.0, 0.0, 1, 14.77]
Thu Nov 19 13:47:08 2020
1.21596097946167
[0.0, 0.0, 0.0, 0.0, 0.0, 14.4]
Thu Nov 19 13:47:09 2020
0.9239342212677002
[0.0, 0.0, 0.0, 0.0, 3.64, 14.4]
Thu Nov 19 13:47:12 2020
1.2737033367156982
[0.0, 0.0, 0.0, 0.0, 1.08, 10.76]
Thu Nov 19 13:47:17 2020
4.432409763336182
[0.0, 0.0, 0.0, 0.0, 1, 9.68]
Thu Nov 19 13:47:19 2020
1.3653500080108643
[0.0, 0.0, 0.0, 0.0, 1.92, 9.3]
Thu Nov 19 13:47:24 2020
3.7328197956085205
[0.0, 0.0, 0.0, 0.0, 1.0, 7.39]
Thu Nov 19 13:47:27 2020
1.3739290237426758
[0.0, 0.0, 0.0, 0.0, 4.08, 6.39]
Thu Nov 19 13:47:30 2020
2.27401065826416
[0.0, 0.0, 0.0, 0.0, 0.0, 2.3]
Thu Nov 19 13:47:35 2020
4.0326714515686035
[0.0, 0.0, 0.0, 0.0, 0.0, 7.45]
Thu Nov 19 13:47:39 2020
3.4403836727142334
[0.0, 0.0, 0.0, 0.0, 0.0, 6.09]
Thu Nov 19 13:47:42 2020
1.2240889072418213
[0.0, 0.0, 0.0, 0.0, 0.0, 1.73]
Thu Nov 19 13:47:44 2020
1.0823516845703125
[0.0, 0.0, 0.0, 0.0, 0.0, 1.98]
Thu Nov 19 13:47:48 2020
3.407341480255127
[0.0, 0.0, 0.0, 0.0, 0.0, 1]
Thu Nov 19 13:47:51 2020
1.7238588333129883
[0.0, 0.0, 0.0, 0.0, 0.0, 1]
Thu Nov 19 13:47:54 2020
1.9488260746002197
[0.0, 0.0, 0.0, 0.0, 0.0, 1]
Thu Nov 19 13:47:56 2020
1.24107027053833
[0.0, 0.0, 0.0, 0.0, 0.0, 1]
Thu Nov 19 13:47:59 2020
2.1818957328796387
