[1.04, 26.04, 44.37, 73.86, 96.11, 125.17]
Wed Nov 18 21:59:43 2020
1.1998064517974854
[1.11, 25.0, 43.33, 72.82, 95.07, 124.13]
Wed Nov 18 21:59:45 2020
1.307314157485962
[2.06, 23.88, 42.21, 71.7, 93.96, 123.02]
Wed Nov 18 21:59:47 2020
1.1820690631866455
[1.3, 21.82, 40.15, 69.64, 91.9, 120.96]
Wed Nov 18 21:59:52 2020
4.023904085159302
[1.42, 20.52, 38.86, 68.35, 90.6, 119.66]
Wed Nov 18 21:59:55 2020
1.9910962581634521
[1.05, 19.1, 37.44, 66.93, 89.18, 118.24]
Wed Nov 18 21:59:57 2020
0.9653396606445312
[1, 18.05, 36.38, 65.87, 88.13, 117.19]
Wed Nov 18 21:59:59 2020
0.9488046169281006
[1.78, 17.61, 35.94, 65.43, 87.68, 116.74]
Wed Nov 18 22:00:01 2020
1.140824794769287
[2.56, 15.83, 34.16, 63.65, 85.91, 114.97]
Wed Nov 18 22:00:03 2020
1.041816234588623
[1, 13.27, 31.61, 61.1, 83.35, 112.41]
Wed Nov 18 22:00:05 2020
0.9562568664550781
[1.03, 12.37, 30.7, 60.19, 82.44, 111.5]
Wed Nov 18 22:00:10 2020
3.2662744522094727
[2.98, 11.34, 29.67, 59.16, 81.42, 110.48]
Wed Nov 18 22:00:16 2020
5.33168625831604
[1, 8.36, 26.69, 56.18, 78.43, 107.49]
Wed Nov 18 22:00:18 2020
1.065565824508667
[1, 7.64, 25.98, 55.47, 77.72, 106.78]
Wed Nov 18 22:00:20 2020
1.2243068218231201
[2.74, 6.95, 25.29, 54.78, 77.03, 106.09]
Wed Nov 18 22:00:22 2020
1.015815019607544
[1, 4.21, 22.54, 52.03, 74.29, 103.35]
Wed Nov 18 22:00:24 2020
1.0737299919128418
[1.88, 3.83, 22.17, 51.66, 73.91, 102.97]
Wed Nov 18 22:00:26 2020
1.1071701049804688
[0.0, 1.95, 20.29, 49.78, 72.03, 101.09]
Wed Nov 18 22:00:29 2020
1.149043083190918
[0.0, 1.38, 18.33, 47.82, 70.08, 99.14]
Wed Nov 18 22:00:35 2020
5.338864088058472
[0.0, 1.09, 16.96, 46.45, 68.7, 97.76]
Wed Nov 18 22:00:37 2020
1.4505290985107422
[0.0, 1, 15.87, 45.36, 67.61, 96.67]
Wed Nov 18 22:00:39 2020
1.024296522140503
[0.0, 1.17, 15.31, 44.8, 67.05, 96.11]
Wed Nov 18 22:00:42 2020
2.032360315322876
[0.0, 1, 14.14, 43.63, 65.89, 94.95]
Wed Nov 18 22:00:45 2020
1.157707691192627
[0.0, 1.38, 13.44, 42.93, 65.18, 94.24]
Wed Nov 18 22:00:47 2020
1.0734047889709473
[0.0, 1.44, 12.06, 41.55, 63.81, 92.86]
Wed Nov 18 22:00:51 2020
3.207127571105957
[0.0, 1.06, 10.62, 40.11, 62.36, 91.42]
Wed Nov 18 22:00:55 2020
3.3906960487365723
[0.0, 1.97, 9.56, 39.05, 61.31, 90.37]
Wed Nov 18 22:00:58 2020
1.340585470199585
[0.0, 2.18, 7.59, 37.08, 59.34, 88.4]
Wed Nov 18 22:01:00 2020
1.1907963752746582
[0.0, 1, 5.42, 34.91, 57.16, 86.22]
Wed Nov 18 22:01:02 2020
1.032444953918457
[0.0, 1, 4.91, 34.4, 56.66, 85.72]
Wed Nov 18 22:01:06 2020
3.207472562789917
[0.0, 1.98, 4.07, 33.56, 55.81, 84.87]
Wed Nov 18 22:01:11 2020
4.232524871826172
[0.0, 1, 2.09, 31.58, 53.84, 82.89]
Wed Nov 18 22:01:15 2020
2.8989694118499756
[0.0, 1.25, 2.03, 31.52, 53.77, 82.83]
Wed Nov 18 22:01:18 2020
2.0901927947998047
[0.0, 0.0, 1, 30.27, 52.52, 81.58]
Wed Nov 18 22:01:20 2020
1.215470314025879
[0.0, 0.0, 1.56, 29.49, 51.74, 80.8]
Wed Nov 18 22:01:23 2020
1.2074151039123535
[0.0, 0.0, 1.05, 27.93, 50.19, 79.25]
Wed Nov 18 22:01:25 2020
1.12473464012146
[0.0, 0.0, 1, 26.88, 49.14, 78.2]
Wed Nov 18 22:01:27 2020
1.0148169994354248
[0.0, 0.0, 2.45, 26.67, 48.93, 77.99]
Wed Nov 18 22:01:30 2020
2.1993799209594727
[0.0, 0.0, 1, 24.22, 46.47, 75.53]
Wed Nov 18 22:01:32 2020
1.1913342475891113
[0.0, 0.0, 1, 23.58, 45.83, 74.89]
Wed Nov 18 22:01:34 2020
1.157017707824707
[0.0, 0.0, 1.24, 22.78, 45.04, 74.1]
Wed Nov 18 22:01:42 2020
6.322377681732178
[0.0, 0.0, 1, 21.54, 43.8, 72.86]
Wed Nov 18 22:01:44 2020
1.1588780879974365
[0.0, 0.0, 4.68, 20.91, 43.17, 72.23]
Wed Nov 18 22:01:46 2020
1.0843791961669922
[0.0, 0.0, 1, 16.24, 38.49, 67.55]
Wed Nov 18 22:01:49 2020
2.055368423461914
[0.0, 0.0, 1.33, 15.57, 37.82, 66.88]
Wed Nov 18 22:01:52 2020
2.1830272674560547
[0.0, 0.0, 1.33, 14.24, 36.49, 65.55]
Wed Nov 18 22:01:54 2020
0.9821648597717285
[0.0, 0.0, 1.42, 12.9, 35.15, 64.21]
Wed Nov 18 22:01:56 2020
1.0729598999023438
[0.0, 0.0, 1, 11.48, 33.73, 62.79]
Wed Nov 18 22:02:01 2020
4.132887840270996
[0.0, 0.0, 1, 10.79, 33.05, 62.11]
Wed Nov 18 22:02:05 2020
3.132222890853882
[0.0, 0.0, 1, 10.25, 32.51, 61.57]
Wed Nov 18 22:02:08 2020
1.5154922008514404
[0.0, 0.0, 2.11, 9.66, 31.92, 60.97]
Wed Nov 18 22:02:10 2020
1.1323332786560059
[0.0, 0.0, 1, 7.55, 29.8, 58.86]
Wed Nov 18 22:02:13 2020
1.515730381011963
[0.0, 0.0, 1.64, 6.9, 29.15, 58.21]
Wed Nov 18 22:02:24 2020
10.665945529937744
[0.0, 0.0, 2.17, 5.26, 27.51, 56.57]
Wed Nov 18 22:02:30 2020
4.324345588684082
[0.0, 0.0, 0.0, 3.09, 25.34, 54.4]
Wed Nov 18 22:02:33 2020
1.981950283050537
[0.0, 0.0, 0.0, 1.7, 22.25, 51.31]
Wed Nov 18 22:02:35 2020
1.1571500301361084
[0.0, 0.0, 0.0, 1, 20.55, 49.61]
Wed Nov 18 22:02:39 2020
3.2830827236175537
[0.0, 0.0, 0.0, 2.38, 19.92, 48.98]
Wed Nov 18 22:02:45 2020
4.890164375305176
[0.0, 0.0, 0.0, 4.0, 17.54, 46.6]
Wed Nov 18 22:02:48 2020
1.7157976627349854
[0.0, 0.0, 0.0, 1.91, 13.54, 42.6]
Wed Nov 18 22:02:52 2020
2.932211399078369
[0.0, 0.0, 0.0, 1, 11.63, 40.69]
Wed Nov 18 22:02:54 2020
1.065831184387207
[0.0, 0.0, 0.0, 2.65, 11.04, 40.1]
Wed Nov 18 22:02:56 2020
1.1070454120635986
[0.0, 0.0, 0.0, 1, 8.39, 37.44]
Wed Nov 18 22:02:58 2020
1.0493221282958984
[0.0, 0.0, 0.0, 2.28, 7.57, 36.63]
Wed Nov 18 22:03:00 2020
1.0990562438964844
[0.0, 0.0, 0.0, 4.5, 5.29, 34.35]
Wed Nov 18 22:03:02 2020
1.215517520904541
[0.0, 0.0, 0.0, 0.0, 1, 29.85]
Wed Nov 18 22:03:05 2020
1.9158673286437988
[0.0, 0.0, 0.0, 0.0, 1, 29.06]
Wed Nov 18 22:03:09 2020
2.9488089084625244
[0.0, 0.0, 0.0, 0.0, 1.49, 28.39]
Wed Nov 18 22:03:11 2020
1.1988003253936768
[0.0, 0.0, 0.0, 0.0, 2.32, 26.9]
Wed Nov 18 22:03:18 2020
6.2324957847595215
[0.0, 0.0, 0.0, 0.0, 1, 24.58]
Wed Nov 18 22:03:20 2020
1.0236074924468994
[0.0, 0.0, 0.0, 0.0, 1.35, 23.91]
Wed Nov 18 22:03:23 2020
1.0740134716033936
[0.0, 0.0, 0.0, 0.0, 3.41, 22.56]
Wed Nov 18 22:03:25 2020
1.407663106918335
[0.0, 0.0, 0.0, 0.0, 1, 19.15]
Wed Nov 18 22:03:30 2020
4.401540040969849
[0.0, 0.0, 0.0, 0.0, 1, 18.37]
Wed Nov 18 22:03:33 2020
1.3044097423553467
[0.0, 0.0, 0.0, 0.0, 2.15, 18.07]
Wed Nov 18 22:03:35 2020
1.0908715724945068
[0.0, 0.0, 0.0, 0.0, 1, 15.92]
Wed Nov 18 22:03:39 2020
3.015620708465576
[0.0, 0.0, 0.0, 0.0, 1, 15.79]
Wed Nov 18 22:03:43 2020
3.3494374752044678
[0.0, 0.0, 0.0, 0.0, 1, 15.45]
Wed Nov 18 22:03:45 2020
1.1488895416259766
[0.0, 0.0, 0.0, 0.0, 1, 14.77]
Wed Nov 18 22:03:52 2020
5.515631914138794
[0.0, 0.0, 0.0, 0.0, 0.0, 14.4]
Wed Nov 18 22:03:54 2020
0.9743545055389404
[0.0, 0.0, 0.0, 0.0, 3.64, 14.4]
Wed Nov 18 22:03:57 2020
2.156780481338501
[0.0, 0.0, 0.0, 0.0, 1.08, 10.76]
Wed Nov 18 22:03:59 2020
1.148958683013916
[0.0, 0.0, 0.0, 0.0, 1, 9.68]
Wed Nov 18 22:04:03 2020
3.299112558364868
[0.0, 0.0, 0.0, 0.0, 1.92, 9.3]
Wed Nov 18 22:04:08 2020
3.982231378555298
[0.0, 0.0, 0.0, 0.0, 1.0, 7.39]
Wed Nov 18 22:04:11 2020
1.1823124885559082
[0.0, 0.0, 0.0, 0.0, 4.08, 6.39]
Wed Nov 18 22:04:13 2020
1.098954200744629
[0.0, 0.0, 0.0, 0.0, 0.0, 2.3]
Wed Nov 18 22:04:15 2020
1.1741204261779785
[0.0, 0.0, 0.0, 0.0, 0.0, 7.45]
Wed Nov 18 22:04:18 2020
2.2160654067993164
[0.0, 0.0, 0.0, 0.0, 0.0, 6.09]
Wed Nov 18 22:04:21 2020
2.348250150680542
[0.0, 0.0, 0.0, 0.0, 0.0, 1.73]
Wed Nov 18 22:04:23 2020
1.115630865097046
[0.0, 0.0, 0.0, 0.0, 0.0, 1.98]
Wed Nov 18 22:04:26 2020
1.3079948425292969
[0.0, 0.0, 0.0, 0.0, 0.0, 1]
Wed Nov 18 22:04:28 2020
1.189939022064209
[0.0, 0.0, 0.0, 0.0, 0.0, 1]
Wed Nov 18 22:04:30 2020
1.0993025302886963
[0.0, 0.0, 0.0, 0.0, 0.0, 1]
Wed Nov 18 22:04:32 2020
1.1740965843200684
[0.0, 0.0, 0.0, 0.0, 0.0, 1]
Wed Nov 18 22:04:34 2020
0.9161412715911865
