[1.04, 26.04, 44.37, 73.86, 96.11, 125.17]
Wed Nov 18 21:59:48 2020
1.9984889030456543
[1.11, 25.0, 43.33, 72.82, 95.07, 124.13]
Wed Nov 18 21:59:50 2020
1.1900701522827148
[2.06, 23.88, 42.21, 71.7, 93.96, 123.02]
Wed Nov 18 21:59:53 2020
1.8157660961151123
[1.3, 21.82, 40.15, 69.64, 91.9, 120.96]
Wed Nov 18 21:59:56 2020
2.1582508087158203
[1.42, 20.52, 38.86, 68.35, 90.6, 119.66]
Wed Nov 18 22:00:02 2020
5.115671396255493
[1.05, 19.1, 37.44, 66.93, 89.18, 118.24]
Wed Nov 18 22:00:04 2020
1.0237138271331787
[1, 18.05, 36.38, 65.87, 88.13, 117.19]
Wed Nov 18 22:00:06 2020
1.032287359237671
[1.78, 17.61, 35.94, 65.43, 87.68, 116.74]
Wed Nov 18 22:00:08 2020
1.1239285469055176
[2.56, 15.83, 34.16, 63.65, 85.91, 114.97]
Wed Nov 18 22:00:12 2020
2.0738377571105957
[1, 13.27, 31.61, 61.1, 83.35, 112.41]
Wed Nov 18 22:00:14 2020
1.2404999732971191
[1.03, 12.37, 30.7, 60.19, 82.44, 111.5]
Wed Nov 18 22:00:21 2020
6.341270208358765
[2.98, 11.34, 29.67, 59.16, 81.42, 110.48]
Wed Nov 18 22:00:23 2020
1.0157129764556885
[1, 8.36, 26.69, 56.18, 78.43, 107.49]
Wed Nov 18 22:00:25 2020
1.1323747634887695
[1, 7.64, 25.98, 55.47, 77.72, 106.78]
Wed Nov 18 22:00:27 2020
1.1900968551635742
[2.74, 6.95, 25.29, 54.78, 77.03, 106.09]
Wed Nov 18 22:00:30 2020
1.0905964374542236
[1, 4.21, 22.54, 52.03, 74.29, 103.35]
Wed Nov 18 22:00:32 2020
1.1404550075531006
[1.88, 3.83, 22.17, 51.66, 73.91, 102.97]
Wed Nov 18 22:00:34 2020
1.057563066482544
[0.0, 1.95, 20.29, 49.78, 72.03, 101.09]
Wed Nov 18 22:00:36 2020
1.4081194400787354
[0.0, 1.38, 18.33, 47.82, 70.08, 99.14]
Wed Nov 18 22:00:38 2020
1.131636381149292
[0.0, 1.09, 16.96, 46.45, 68.7, 97.76]
Wed Nov 18 22:00:41 2020
1.2167487144470215
[0.0, 1, 15.87, 45.36, 67.61, 96.67]
Wed Nov 18 22:00:43 2020
1.807359218597412
[0.0, 1.17, 15.31, 44.8, 67.05, 96.11]
Wed Nov 18 22:00:46 2020
1.315542221069336
[0.0, 1, 14.14, 43.63, 65.89, 94.95]
Wed Nov 18 22:00:49 2020
2.1737396717071533
[0.0, 1.38, 13.44, 42.93, 65.18, 94.24]
Wed Nov 18 22:00:52 2020
2.2075843811035156
[0.0, 1.44, 12.06, 41.55, 63.81, 92.86]
Wed Nov 18 22:00:54 2020
1.2239947319030762
[0.0, 1.06, 10.62, 40.11, 62.36, 91.42]
Wed Nov 18 22:01:01 2020
5.473983287811279
[0.0, 1.97, 9.56, 39.05, 61.31, 90.37]
Wed Nov 18 22:01:03 2020
1.0659263134002686
[0.0, 2.18, 7.59, 37.08, 59.34, 88.4]
Wed Nov 18 22:01:05 2020
1.1987457275390625
[0.0, 1, 5.42, 34.91, 57.16, 86.22]
Wed Nov 18 22:01:08 2020
1.9740540981292725
[0.0, 1, 4.91, 34.4, 56.66, 85.72]
Wed Nov 18 22:01:10 2020
1.2737464904785156
[0.0, 1.98, 4.07, 33.56, 55.81, 84.87]
Wed Nov 18 22:01:13 2020
2.0574493408203125
[0.0, 1, 2.09, 31.58, 53.84, 82.89]
Wed Nov 18 22:01:16 2020
1.9356296062469482
[0.0, 1.25, 2.03, 31.52, 53.77, 82.83]
Wed Nov 18 22:01:19 2020
2.053621292114258
[0.0, 0.0, 1, 30.27, 52.52, 81.58]
Wed Nov 18 22:01:22 2020
1.2909517288208008
[0.0, 0.0, 1.56, 29.49, 51.74, 80.8]
Wed Nov 18 22:01:24 2020
0.9917900562286377
[0.0, 0.0, 1.05, 27.93, 50.19, 79.25]
Wed Nov 18 22:01:26 2020
1.199441909790039
[0.0, 0.0, 1, 26.88, 49.14, 78.2]
Wed Nov 18 22:01:29 2020
2.0658762454986572
[0.0, 0.0, 2.45, 26.67, 48.93, 77.99]
Wed Nov 18 22:01:31 2020
1.1088805198669434
[0.0, 0.0, 1, 24.22, 46.47, 75.53]
Wed Nov 18 22:01:33 2020
1.2644131183624268
[0.0, 0.0, 1, 23.58, 45.83, 74.89]
Wed Nov 18 22:01:36 2020
2.048825979232788
[0.0, 0.0, 1.24, 22.78, 45.04, 74.1]
Wed Nov 18 22:01:38 2020
1.0659189224243164
[0.0, 0.0, 1, 21.54, 43.8, 72.86]
Wed Nov 18 22:01:41 2020
1.348947286605835
[0.0, 0.0, 4.68, 20.91, 43.17, 72.23]
Wed Nov 18 22:01:43 2020
1.0071735382080078
[0.0, 0.0, 1, 16.24, 38.49, 67.55]
Wed Nov 18 22:01:45 2020
1.1574347019195557
[0.0, 0.0, 1.33, 15.57, 37.82, 66.88]
Wed Nov 18 22:01:47 2020
0.9748983383178711
[0.0, 0.0, 1.33, 14.24, 36.49, 65.55]
Wed Nov 18 22:01:51 2020
3.0313515663146973
[0.0, 0.0, 1.42, 12.9, 35.15, 64.21]
Wed Nov 18 22:01:55 2020
3.3327205181121826
[0.0, 0.0, 1, 11.48, 33.73, 62.79]
Wed Nov 18 22:01:58 2020
1.9236242771148682
[0.0, 0.0, 1, 10.79, 33.05, 62.11]
Wed Nov 18 22:02:00 2020
1.1988565921783447
[0.0, 0.0, 1, 10.25, 32.51, 61.57]
Wed Nov 18 22:02:03 2020
2.0161309242248535
[0.0, 0.0, 2.11, 9.66, 31.92, 60.97]
Wed Nov 18 22:02:14 2020
9.448983907699585
[0.0, 0.0, 1, 7.55, 29.8, 58.86]
Wed Nov 18 22:02:16 2020
0.9904289245605469
[0.0, 0.0, 1.64, 6.9, 29.15, 58.21]
Wed Nov 18 22:02:18 2020
1.1736633777618408
[0.0, 0.0, 2.17, 5.26, 27.51, 56.57]
Wed Nov 18 22:02:20 2020
1.1742384433746338
[0.0, 0.0, 0.0, 3.09, 25.34, 54.4]
Wed Nov 18 22:02:22 2020
1.1824028491973877
[0.0, 0.0, 0.0, 1.7, 22.25, 51.31]
Wed Nov 18 22:02:26 2020
3.123927354812622
[0.0, 0.0, 0.0, 1, 20.55, 49.61]
Wed Nov 18 22:02:29 2020
1.124084234237671
[0.0, 0.0, 0.0, 2.38, 19.92, 48.98]
Wed Nov 18 22:02:31 2020
0.9909684658050537
[0.0, 0.0, 0.0, 4.0, 17.54, 46.6]
Wed Nov 18 22:02:34 2020
2.090149402618408
[0.0, 0.0, 0.0, 1.91, 13.54, 42.6]
Wed Nov 18 22:02:36 2020
1.1243541240692139
[0.0, 0.0, 0.0, 1, 11.63, 40.69]
Wed Nov 18 22:02:38 2020
1.240903377532959
[0.0, 0.0, 0.0, 2.65, 11.04, 40.1]
Wed Nov 18 22:02:40 2020
1.1157231330871582
[0.0, 0.0, 0.0, 1, 8.39, 37.44]
Wed Nov 18 22:02:42 2020
1.1484689712524414
[0.0, 0.0, 0.0, 2.28, 7.57, 36.63]
Wed Nov 18 22:02:46 2020
2.874248743057251
[0.0, 0.0, 0.0, 4.5, 5.29, 34.35]
Wed Nov 18 22:02:50 2020
3.307208299636841
[0.0, 0.0, 0.0, 0.0, 1, 29.85]
Wed Nov 18 22:02:53 2020
1.0825145244598389
[0.0, 0.0, 0.0, 0.0, 1, 29.06]
Wed Nov 18 22:02:55 2020
1.132230520248413
[0.0, 0.0, 0.0, 0.0, 1.49, 28.39]
Wed Nov 18 22:02:57 2020
1.0326769351959229
[0.0, 0.0, 0.0, 0.0, 2.32, 26.9]
Wed Nov 18 22:02:59 2020
1.1233909130096436
[0.0, 0.0, 0.0, 0.0, 1, 24.58]
Wed Nov 18 22:03:01 2020
0.9990484714508057
[0.0, 0.0, 0.0, 0.0, 1.35, 23.91]
Wed Nov 18 22:03:03 2020
1.374448537826538
[0.0, 0.0, 0.0, 0.0, 3.41, 22.56]
Wed Nov 18 22:03:07 2020
2.956873655319214
[0.0, 0.0, 0.0, 0.0, 1, 19.15]
Wed Nov 18 22:03:10 2020
1.974177360534668
[0.0, 0.0, 0.0, 0.0, 1, 18.37]
Wed Nov 18 22:03:12 2020
0.9491443634033203
[0.0, 0.0, 0.0, 0.0, 2.15, 18.07]
Wed Nov 18 22:03:14 2020
1.098879098892212
[0.0, 0.0, 0.0, 0.0, 1, 15.92]
Wed Nov 18 22:03:16 2020
1.099576473236084
[0.0, 0.0, 0.0, 0.0, 1, 15.79]
Wed Nov 18 22:03:22 2020
5.149444341659546
[0.0, 0.0, 0.0, 0.0, 1, 15.45]
Wed Nov 18 22:03:27 2020
3.7065799236297607
[0.0, 0.0, 0.0, 0.0, 1, 14.77]
Wed Nov 18 22:03:29 2020
1.148747205734253
[0.0, 0.0, 0.0, 0.0, 0.0, 14.4]
Wed Nov 18 22:03:32 2020
1.2154598236083984
[0.0, 0.0, 0.0, 0.0, 3.64, 14.4]
Wed Nov 18 22:03:34 2020
1.0490508079528809
[0.0, 0.0, 0.0, 0.0, 1.08, 10.76]
Wed Nov 18 22:03:36 2020
1.099069356918335
[0.0, 0.0, 0.0, 0.0, 1, 9.68]
Wed Nov 18 22:03:38 2020
1.0990264415740967
[0.0, 0.0, 0.0, 0.0, 1.92, 9.3]
Wed Nov 18 22:03:40 2020
1.1240403652191162
[0.0, 0.0, 0.0, 0.0, 1.0, 7.39]
Wed Nov 18 22:03:42 2020
1.2489311695098877
[0.0, 0.0, 0.0, 0.0, 4.08, 6.39]
Wed Nov 18 22:03:48 2020
4.3824992179870605
[0.0, 0.0, 0.0, 0.0, 0.0, 2.3]
Wed Nov 18 22:03:50 2020
0.9911057949066162
[0.0, 0.0, 0.0, 0.0, 0.0, 7.45]
Wed Nov 18 22:03:53 2020
2.189966917037964
[0.0, 0.0, 0.0, 0.0, 0.0, 6.09]
Wed Nov 18 22:03:55 2020
1.1410338878631592
[0.0, 0.0, 0.0, 0.0, 0.0, 1.73]
Wed Nov 18 22:04:00 2020
4.090155363082886
[0.0, 0.0, 0.0, 0.0, 0.0, 1.98]
Wed Nov 18 22:04:02 2020
1.2000973224639893
[0.0, 0.0, 0.0, 0.0, 0.0, 1]
Wed Nov 18 22:04:05 2020
2.1899571418762207
[0.0, 0.0, 0.0, 0.0, 0.0, 1]
Wed Nov 18 22:04:07 2020
1.0407731533050537
[0.0, 0.0, 0.0, 0.0, 0.0, 1]
Wed Nov 18 22:04:17 2020
8.48233437538147
[0.0, 0.0, 0.0, 0.0, 0.0, 1]
Wed Nov 18 22:04:19 2020
1.3653185367584229
