2.9999999999752447e-06
5.000000000032756e-06
1.2000000000012001e-05
4.999999999921734e-06
4.6999999999908226e-05
6.999999999979245e-06
5.999999999950489e-06
4.000000000004e-06
4.000000000004e-06
8.000000000008e-06
5.000000000032756e-06
4.000000000004e-06
4.000000000004e-06
4.000000000004e-06
4.000000000004e-06
4.000000000004e-06
4.000000000004e-06
9.000000000036756e-06
5.000000000032756e-06
4.000000000004e-06
4.999999999921734e-06
4.000000000004e-06
4.000000000004e-06
6.000000000061512e-06
4.000000000004e-06
5.000000000032756e-06
5.000000000032756e-06
0.0
5.999999999950489e-06
5.999999999950489e-06
6.999999999979245e-06
6.000000000061512e-06
6.999999999979245e-06
6.999999999979245e-06
6.999999999979245e-06
9.000000000036756e-06
8.000000000008e-06
5.999999999950489e-06
1.0000000000065512e-05
9.999999999843467e-06
8.000000000008e-06
8.000000000008e-06
9.000000000147779e-06
3.999999999892978e-06
4.000000000115023e-06
5.999999999950489e-06
5.999999999950489e-06
5.999999999950489e-06
1.0000000000065512e-05
5.000000000032756e-06
4.999999999810711e-06
3.999999999892978e-06
7.000000000090267e-06
7.000000000090267e-06
2.9999999999752447e-06
8.999999999925734e-06
9.999999999843467e-06
0.0
5.000000000032756e-06
4.999999999921734e-06
6.000000000061512e-06
1.0000000000065512e-05
5.999999999950489e-06
5.000000000032756e-06
4.000000000004e-06
6.699999999992823e-05
5.000000000032756e-06
0.0
0.0
4.000000000004e-06
9.000000000036756e-06
4.000000000004e-06
5.000000000032756e-06
5.999999999950489e-06
7.000000000090267e-06
4.999999999810711e-06
5.000000000032756e-06
5.000000000032756e-06
5.000000000032756e-06
5.000000000032756e-06
5.000000000032756e-06
7.000000000090267e-06
4.000000000115023e-06
5.999999999950489e-06
9.000000000147779e-06
4.000000000115023e-06
5.000000000032756e-06
5.000000000032756e-06
5.999999999950489e-06
0.0
3.999999999892978e-06
3.999999999892978e-06
1.2000000000123023e-05
5.000000000032756e-06
5.000000000032756e-06
6.999999999868223e-06
4.000000000115023e-06
5.000000000032756e-06
5.000000000032756e-06
2.9999999999752447e-06
5.999999999950489e-06
7.000000000090267e-06
5.000000000032756e-06
5.999999999950489e-06
0.0
7.000000000090267e-06
5.999999999950489e-06
4.500000000007276e-05
4.000000000115023e-06
5.999999999950489e-06
5.000000000032756e-06
4.999999999810711e-06
7.000000000090267e-06
5.999999999950489e-06
4.000000000115023e-06
4.000000000115023e-06
4.999999999810711e-06
4.999999999810711e-06
1.100000000020529e-05
4.000000000115023e-06
7.000000000090267e-06
8.000000000230045e-06
7.999999999785956e-06
0.0
4.999999999810711e-06
4.000000000115023e-06
5.000000000254801e-06
4.000000000115023e-06
8.300000000005525e-05
4.000000000115023e-06
5.000000000254801e-06
4.000000000115023e-06
2.9999999999752447e-06
4.999999999810711e-06
3.9999999996709334e-06
5.000000000254801e-06
7.999999999785956e-06
3.9999999996709334e-06
4.000000000115023e-06
3.9999999996709334e-06
5.999999999950489e-06
4.999999999810711e-06
5.999999999950489e-06
3.9999999996709334e-06
4.000000000115023e-06
3.9999999996709334e-06
6.000000000394579e-06
1.0000000000065512e-05
3.9999999996709334e-06
6.999999999646178e-06
0.0
4.999999999810711e-06
5.000000000254801e-06
4.999999999810711e-06
5.999999999950489e-06
5.999999999950489e-06
4.000000000115023e-06
7.000000000090267e-06
5.999999999950489e-06
4.000000000115023e-06
2.9999999999752447e-06
4.000000000115023e-06
4.999999999810711e-06
0.0
4.999999999810711e-06
0.0
5.999999999950489e-06
5.999999999950489e-06
0.0
0.0
8.999999999925734e-06
1.0000000000065512e-05
1.0000000000065512e-05
4.999999999810711e-06
2.9999999999752447e-06
5.000000000254801e-06
5.999999999950489e-06
5.999999999950489e-06
7.000000000090267e-06
4.999999999810711e-06
4.999999999810711e-06
1.0000000000065512e-05
5.999999999950489e-06
7.999999999785956e-06
4.999999999810711e-06
4.000000000115023e-06
5.000000000254801e-06
5.000000000254801e-06
5.999999999950489e-06
5.999999999950489e-06
5.999999999950489e-06
6.999999999646178e-06
5.999999999950489e-06
4.000000000115023e-06
0.0
8.000000000230045e-06
5.999999999950489e-06
4.999999999810711e-06
4.000000000559112e-06
0.0
4.999999999810711e-06
5.999999999950489e-06
4.999999999810711e-06
4.999999999810711e-06
8.000000000230045e-06
8.000000000230045e-06
0.0
5.999999999950489e-06
0.0
3.9999999996709334e-06
4.000000000559112e-06
7.000000000090267e-06
4.999999999810711e-06
5.999999999950489e-06
5.999999999950489e-06
7.000000000090267e-06
0.0
5.999999999950489e-06
4.999999999810711e-06
6.000000000838668e-06
4.999999999810711e-06
7.000000000090267e-06
4.000000000559112e-06
4.999999999810711e-06
4.999999999810711e-06
3.000000000419334e-06
5.999999999950489e-06
7.000000000090267e-06
7.000000000090267e-06
7.000000000090267e-06
5.00000000069889e-06
5.999999999950489e-06
7.000000000090267e-06
9.000000000369823e-06
7.000000000090267e-06
0.0
0.0
3.799999999998249e-05
4.999999999810711e-06
4.999999999810711e-06
3.000000000419334e-06
4.999999999810711e-06
7.000000000090267e-06
4.000000000004e-06
5.000000000032756e-06
5.000000000032756e-06
4.000000000004e-06
5.000000000032756e-06
0.00013499999999999623
4.000000000004e-06
4.000000000004e-06
6.000000000061512e-06
0.0
6.000000000172534e-06
3.999999999892978e-06
5.999999999950489e-06
4.000000000115023e-06
6.999999999868223e-06
4.000000000115023e-06
6.999999999868223e-06
8.999999999925734e-06
5.000000000032756e-06
4.000000000004e-06
6.000000000061512e-06
7.000000000090267e-06
5.000000000032756e-06
5.000000000032756e-06
5.999999999950489e-06
6.999999999868223e-06
5.999999999950489e-06
8.000000000008e-06
6.999999999868223e-06
6.999999999868223e-06
1.6000000000016e-05
8.000000000008e-06
3.999999999892978e-06
5.999999999950489e-06
5.000000000032756e-06
5.999999999950489e-06
5.000000000032756e-06
5.000000000032756e-06
7.000000000090267e-06
5.000000000032756e-06
3.999999999892978e-06
6.000000000172534e-06
5.999999999950489e-06
5.999999999950489e-06
7.000000000090267e-06
0.0
8.000000000008e-06
6.999999999868223e-06
6.000000000172534e-06
5.999999999950489e-06
5.000000000032756e-06
7.000000000090267e-06
4.000000000115023e-06
8.000000000008e-06
3.999999999892978e-06
5.000000000032756e-06
9.999999999843467e-06
5.000000000254801e-06
4.000000000115023e-06
3.9999999996709334e-06
3.9999999996709334e-06
7.000000000090267e-06
4.999999999810711e-06
8.000000000230045e-06
5.999999999950489e-06
7.000000000090267e-06
7.000000000090267e-06
4.000000000559112e-06
7.000000000090267e-06
7.999999999341867e-06
4.999999999810711e-06
4.000000000559112e-06
3.9999999996709334e-06
5.999999999950489e-06
4.999999999810711e-06
9.000000000369823e-06
7.000000000090267e-06
7.000000000090267e-06
5.999999999950489e-06
5.999999999950489e-06
0.0
5.999999999950489e-06
8.000000000230045e-06
4.000000000559112e-06
3.9999999996709334e-06
3.9999999996709334e-06
5.999999999950489e-06
3.9999999996709334e-06
5.00000000069889e-06
3.9999999996709334e-06
5.999999999950489e-06
5.999999999950489e-06
5.00000000069889e-06
7.000000000090267e-06
7.000000000090267e-06
0.0
4.000000000004e-06
0.0
4.000000000004e-06
4.000000000004e-06
4.999999999921734e-06
4.000000000004e-06
8.000000000008e-06
6.999999999979245e-06
5.999999999950489e-06
6.999999999979245e-06
8.000000000008e-06
8.000000000008e-06
5.999999999950489e-06
6.000000000061512e-06
6.000000000061512e-06
5.000000000032756e-06
1.4000000000069512e-05
9.000000000036756e-06
5.999999999950489e-06
5.999999999950489e-06
8.000000000008e-06
5.000000000032756e-06
5.000000000032756e-06
5.999999999950489e-06
4.000000000115023e-06
4.000000000115023e-06
3.0000000001972893e-06
3.999999999892978e-06
5.000000000032756e-06
4.000000000115023e-06
5.000000000032756e-06
5.000000000032756e-06
3.999999999892978e-06
1.3000000000040757e-05
4.000000000115023e-06
2.9999999999752447e-06
5.999999999950489e-06
3.999999999892978e-06
5.000000000032756e-06
9.000000000147779e-06
5.000000000032756e-06
5.000000000032756e-06
4.999999999810711e-06
3.999999999892978e-06
8.999999999925734e-06
6.999999999868223e-06
3.999999999892978e-06
6.999999999868223e-06
0.0
4.999999999810711e-06
5.000000000032756e-06
4.000000000115023e-06
7.000000000090267e-06
5.000000000032756e-06
4.999999999810711e-06
5.999999999950489e-06
5.999999999950489e-06
5.999999999950489e-06
5.000000000032756e-06
8.000000000008e-06
3.999999999892978e-06
4.999999999810711e-06
8.000000000230045e-06
5.999999999950489e-06
8.000000000230045e-06
4.999999999810711e-06
3.9999999996709334e-06
7.999999999785956e-06
5.999999999950489e-06
1.0000000000065512e-05
4.000000000115023e-06
7.000000000090267e-06
5.000000000254801e-06
8.999999999925734e-06
4.999999999810711e-06
4.999999999810711e-06
5.999999999950489e-06
4.999999999810711e-06
4.000000000115023e-06
5.999999999950489e-06
5.000000000254801e-06
5.999999999950489e-06
8.000000000230045e-06
5.000000000254801e-06
4.999999999810711e-06
4.000000000115023e-06
4.999999999810711e-06
5.000000000254801e-06
4.999999999810711e-06
0.0
5.999999999950489e-06
5.999999999950489e-06
5.999999999950489e-06
0.0
0.0
5.999999999950489e-06
4.999999999810711e-06
4.000000000115023e-06
5.000000000254801e-06
0.0
0.0
5.999999999950489e-06
4.000000000115023e-06
5.999999999950489e-06
5.000000000254801e-06
0.0
2.9999999999752447e-06
5.000000000254801e-06
4.999999999810711e-06
0.0
4.999999999810711e-06
4.000000000115023e-06
7.000000000090267e-06
6.999999999646178e-06
5.000000000254801e-06
6.999999999646178e-06
5.999999999950489e-06
5.999999999950489e-06
2.9999999999752447e-06
4.000000000004e-06
2.9999999999752447e-06
4.000000000004e-06
0.0
4.000000000004e-06
4.000000000004e-06
6.999999999979245e-06
5.000000000032756e-06
4.000000000004e-06
4.000000000004e-06
4.999999999921734e-06
8.000000000008e-06
6.000000000061512e-06
4.000000000004e-06
6.000000000061512e-06
7.999999999896978e-06
6.000000000061512e-06
4.000000000004e-06
5.000000000032756e-06
4.000000000004e-06
4.000000000004e-06
8.000000000008e-06
4.000000000004e-06
3.999999999892978e-06
0.0
4.000000000115023e-06
6.999999999868223e-06
5.000000000032756e-06
3.999999999892978e-06
5.999999999950489e-06
8.000000000008e-06
5.000000000032756e-06
3.999999999892978e-06
5.999999999950489e-06
3.999999999892978e-06
5.200000000016303e-05
5.000000000032756e-06
7.000000000090267e-06
4.000000000115023e-06
7.000000000090267e-06
5.999999999950489e-06
4.000000000115023e-06
4.000000000115023e-06
5.000000000032756e-06
4.000000000115023e-06
5.999999999950489e-06
8.000000000008e-06
3.999999999892978e-06
5.000000000032756e-06
6.000000000172534e-06
8.999999999925734e-06
9.000000000147779e-06
7.000000000090267e-06
3.999999999892978e-06
5.000000000032756e-06
4.000000000115023e-06
5.999999999950489e-06
5.999999999950489e-06
0.0
5.000000000032756e-06
0.0002510000000000012
5.000000000032756e-06
8.000000000008e-06
4.000000000115023e-06
0.0
4.000000000115023e-06
5.000000000032756e-06
6.000000000172534e-06
8.000000000008e-06
6.999999999868223e-06
5.000000000032756e-06
5.000000000032756e-06
4.999999999810711e-06
4.000000000115023e-06
4.000000000115023e-06
8.999999999925734e-06
4.000000000115023e-06
4.000000000115023e-06
1.0000000000065512e-05
5.999999999950489e-06
8.999999999925734e-06
4.999999999810711e-06
5.999999999950489e-06
7.000000000090267e-06
4.999999999810711e-06
5.000000000254801e-06
4.999999999810711e-06
5.000000000254801e-06
7.000000000090267e-06
5.999999999950489e-06
1.1999999999900979e-05
8.999999999925734e-06
0.0
0.0
0.0
5.999999999950489e-06
5.000000000254801e-06
4.999999999810711e-06
4.999999999810711e-06
5.999999999950489e-06
5.999999999950489e-06
5.999999999950489e-06
4.000000000115023e-06
5.999999999950489e-06
0.0
5.999999999950489e-06
2.9000000000056758e-05
4.000000000115023e-06
0.0
4.999999999810711e-06
4.999999999810711e-06
5.000000000254801e-06
8.999999999925734e-06
5.999999999950489e-06
4.999999999810711e-06
7.000000000090267e-06
5.000000000254801e-06
4.000000000115023e-06
3.000000000419334e-06
3.9999999996709334e-06
4.999999999810711e-06
7.000000000090267e-06
0.0
5.999999999950489e-06
3.9999999996709334e-06
3.9999999996709334e-06
8.999999999925734e-06
5.999999999950489e-06
7.000000000090267e-06
4.000000000115023e-06
5.000000000254801e-06
5.000000000254801e-06
5.999999999950489e-06
7.000000000090267e-06
4.000000000115023e-06
5.999999999950489e-06
4.999999999810711e-06
4.999999999810711e-06
0.0
4.000000000115023e-06
3.9999999996709334e-06
4.000000000115023e-06
2.9999999999752447e-06
4.000000000115023e-06
4.000000000115023e-06
4.999999999810711e-06
0.0
8.000000000230045e-06
2.6999999999777202e-05
8.999999999925734e-06
3.9999999996709334e-06
4.000000000115023e-06
5.999999999950489e-06
4.999999999810711e-06
5.000000000254801e-06
8.000000000230045e-06
5.999999999950489e-06
3.9999999996709334e-06
4.000000000559112e-06
6.000000000838668e-06
1.0000000000509601e-05
4.999999999810711e-06
3.9999999996709334e-06
3.9999999996709334e-06
3.9999999996709334e-06
3.9999999996709334e-06
4.999999999810711e-06
3.9999999996709334e-06
9.000000000369823e-06
5.999999999950489e-06
4.999999999810711e-06
3.9999999996709334e-06
5.999999999950489e-06
0.0
5.00000000069889e-06
5.999999999950489e-06
4.000000000559112e-06
3.9999999996709334e-06
4.999999999810711e-06
0.0
5.999999999950489e-06
0.0
0.0
5.999999999950489e-06
4.999999999810711e-06
4.999999999810711e-06
5.00000000069889e-06
3.9999999996709334e-06
4.000000000559112e-06
4.999999999810711e-06
5.00000000069889e-06
4.999999999810711e-06
3.9999999996709334e-06
5.999999999950489e-06
7.000000000090267e-06
4.999999999810711e-06
4.999999999810711e-06
8.000000000230045e-06
3.9999999996709334e-06
6.999999999202089e-06
7.000000000090267e-06
4.999999999810711e-06
4.000000000559112e-06
4.999999999810711e-06
4.999999999810711e-06
3.9999999996709334e-06
0.00012699999999998823
4.000000000559112e-06
5.999999999950489e-06
5.999999999950489e-06
3.9999999996709334e-06
4.999999999810711e-06
6.000000000838668e-06
3.9999999996709334e-06
3.9999999996709334e-06
3.9999999996709334e-06
3.9999999996709334e-06
5.999999999950489e-06
4.999999999810711e-06
3.9999999996709334e-06
1.0000000000509601e-05
4.999999999810711e-06
5.00000000069889e-06
5.00000000069889e-06
7.000000000090267e-06
4.999999999810711e-06
3.9999999996709334e-06
3.9999999996709334e-06
5.999999999950489e-06
2.800000000036107e-05
4.000000000559112e-06
4.999999999810711e-06
4.999999999810711e-06
7.000000000090267e-06
4.000000000559112e-06
0.0
3.9999999996709334e-06
4.000000000559112e-06
4.999999999810711e-06
3.9999999996709334e-06
4.999999999810711e-06
3.9999999996709334e-06
4.999999999810711e-06
3.9999999996709334e-06
4.999999999810711e-06
3.9999999996709334e-06
7.000000000090267e-06
3.9999999996709334e-06
8.000000000230045e-06
4.000000000559112e-06
8.999999999481645e-06
5.999999999950489e-06
8.000000000230045e-06
4.000000000559112e-06
5.00000000069889e-06
4.000000000026205e-05
3.9999999996709334e-06
4.000000000559112e-06
5.999999999950489e-06
4.999999999810711e-06
5.999999999950489e-06
4.999999999810711e-06
7.000000000090267e-06
3.9999999996709334e-06
8.000000000230045e-06
4.000000000559112e-06
5.999999999950489e-06
4.999999999810711e-06
0.0
4.999999999810711e-06
7.000000000090267e-06
0.0
7.000000000090267e-06
4.000000000559112e-06
5.999999999950489e-06
4.999999999810711e-06
7.000000000090267e-06
4.999999999810711e-06
5.999999999950489e-06
7.000000000090267e-06
4.999999999810711e-06
7.000000000090267e-06
4.999999999810711e-06
4.999999999810711e-06
4.999999999810711e-06
4.999999999810711e-06
4.999999999810711e-06
4.999999999810711e-06
2.899999999961267e-05
3.9999999996709334e-06
4.999999999810711e-06
5.00000000069889e-06
4.000000000559112e-06
0.0
4.999999999810711e-06
6.999999999979245e-06
4.000000000004e-06
2.9999999999752447e-06
3.000000000086267e-06
2.9999999999752447e-06
5.000000000032756e-06
5.000000000032756e-06
4.000000000004e-06
6.000000000061512e-06
4.000000000004e-06
4.000000000004e-06
2.9999999999752447e-06
3.000000000086267e-06
4.000000000004e-06
4.000000000004e-06
4.000000000004e-06
4.000000000004e-06
4.000000000004e-06
4.000000000004e-06
6.000000000838668e-06
4.000000000559112e-06
5.999999999062311e-06
3.0000000013075123e-06
4.000000000559112e-06
4.999999999810711e-06
4.000000000559112e-06
3.999999998782755e-06
4.000000000559112e-06
4.000000000559112e-06
4.999999999810711e-06
2.000000000279556e-06
4.999999999810711e-06
2.9999999995311555e-06
4.000000000559112e-06
3.999999998782755e-06
4.000000000559112e-06
4.000000000559112e-06
4.000000000559112e-06
8.000000000008e-06
4.999999999977245e-06
4.000000000004e-06
3.999999999948489e-06
4.999999999977245e-06
5.000000000032756e-06
4.999999999977245e-06
6.0000000000060005e-06
5.999999999950489e-06
3.000000000030756e-06
4.000000000004e-06
4.000000000004e-06
4.000000000004e-06
4.999999999921734e-06
2.9999999999752447e-06
2.9999999999752447e-06
4.000000000004e-06
2.9999999999752447e-06
4.999999999921734e-06
5.000000000032756e-06
2.9999999999752447e-06
3.999999999892978e-06
5.000000000032756e-06
4.000000000004e-06
5.000000000032756e-06
5.000000000032756e-06
5.000000000032756e-06
4.000000000004e-06
6.000000000061512e-06
4.999999999921734e-06
4.000000000004e-06
4.000000000004e-06
2.9999999999752447e-06
4.000000000004e-06
4.000000000004e-06
4.000000000004e-06
4.999999999921734e-06
5.000000000032756e-06
2.0000000000575113e-06
5.000000000032756e-06
2.9999999999752447e-06
3.000000000086267e-06
4.000000000004e-06
3.000000000086267e-06
3.000000000086267e-06
5.000000000032756e-06
4.000000000115023e-06
1.9999999998354667e-06
2.9999999999752447e-06
3.999999999892978e-06
2.9999999999752447e-06
5.999999999950489e-06
3.999999999892978e-06
2.0000000000575113e-06
5.000000000032756e-06
2.9999999999752447e-06
2.9999999999752447e-06
3.999999999892978e-06
2.9999999999752447e-06
6.000000000172534e-06
3.999999999892978e-06
2.9999999999752447e-06
3.999999999892978e-06
3.999999999892978e-06
4.000000000115023e-06
4.000000000115023e-06
2.0000000000575113e-06
4.000000000115023e-06
3.0000000001972893e-06
2.9999999999752447e-06
2.9999999999752447e-06
3.999999999892978e-06
5.000000000032756e-06
5.000000000032756e-06
3.999999999892978e-06
5.999999999950489e-06
5.000000000032756e-06
3.999999999892978e-06
5.000000000032756e-06
3.999999999892978e-06
4.000000000115023e-06
4.000000000115023e-06
4.000000000115023e-06
5.000000000032756e-06
4.000000000115023e-06
2.9999999999752447e-06
3.999999999892978e-06
4.000000000115023e-06
4.000000000115023e-06
5.000000000032756e-06
5.999999999950489e-06
5.000000000032756e-06
5.000000000032756e-06
5.000000000032756e-06
3.999999999892978e-06
2.9999999999752447e-06
4.999999999810711e-06
5.000000000032756e-06
4.000000000115023e-06
4.999999999810711e-06
5.000000000032756e-06
5.000000000032756e-06
2.9999999999752447e-06
5.000000000032756e-06
4.000000000115023e-06
3.999999999892978e-06
5.000000000032756e-06
2.0000000000575113e-06
2.9999999999752447e-06
5.000000000032756e-06
5.000000000032756e-06
4.000000000115023e-06
4.000000000115023e-06
5.000000000032756e-06
5.000000000032756e-06
5.000000000032756e-06
3.999999999892978e-06
5.000000000032756e-06
3.999999999892978e-06
3.999999999892978e-06
4.000000000115023e-06
4.999999999810711e-06
2.9999999999752447e-06
2.9999999999752447e-06
7.000000000090267e-06
5.000000000032756e-06
5.999999999950489e-06
3.999999999892978e-06
4.999999999810711e-06
4.999999999810711e-06
6.999999999646178e-06
4.000000000115023e-06
3.9999999996709334e-06
2.9999999999752447e-06
5.999999999950489e-06
2.9999999999752447e-06
5.999999999950489e-06
2.5000000000385825e-05
5.999999999950489e-06
2.9999999999752447e-06
4.999999999810711e-06
4.000000000115023e-06
4.999999999810711e-06
3.9999999996709334e-06
5.999999999950489e-06
5.000000000254801e-06
4.000000000115023e-06
3.9999999996709334e-06
4.999999999810711e-06
5.000000000254801e-06
4.000000000115023e-06
5.999999999950489e-06
4.999999999810711e-06
2.9999999999752447e-06
2.9999999999752447e-06
2.9999999999752447e-06
4.999999999810711e-06
2.9999999999752447e-06
4.000000000115023e-06
4.000000000115023e-06
4.999999999810711e-06
5.000000000254801e-06
4.999999999810711e-06
4.999999999810711e-06
3.9999999996709334e-06
2.9999999999752447e-06
4.999999999810711e-06
4.000000000115023e-06
2.9999999999752447e-06
5.999999999950489e-06
4.999999999810711e-06
2.9999999999752447e-06
3.9999999996709334e-06
5.000000000254801e-06
3.9999999996709334e-06
5.999999999950489e-06
4.000000000115023e-06
4.999999999810711e-06
2.9999999999752447e-06
5.999999999950489e-06
4.000000000115023e-06
4.999999999810711e-06
4.999999999810711e-06
5.999999999950489e-06
4.000000000115023e-06
4.000000000004e-06
6.0000000000060005e-06
6.0000000000060005e-06
5.000000000032756e-06
5.000000000032756e-06
5.000000000032756e-06
4.999999999921734e-06
5.000000000032756e-06
4.000000000004e-06
5.999999999950489e-06
5.000000000032756e-06
5.000000000032756e-06
5.999999999950489e-06
4.999999999921734e-06
5.000000000032756e-06
4.000000000004e-06
4.999999999921734e-06
6.999999999979245e-06
4.000000000004e-06
5.000000000032756e-06
5.000000000032756e-06
5.000000000032756e-06
5.000000000032756e-06
5.999999999950489e-06
5.999999999950489e-06
4.999999999810711e-06
5.000000000032756e-06
6.000000000172534e-06
5.000000000032756e-06
5.999999999950489e-06
5.000000000032756e-06
5.000000000032756e-06
3.999999999892978e-06
5.000000000032756e-06
5.999999999950489e-06
6.000000000172534e-06
5.000000000032756e-06
5.999999999950489e-06
6.000000000172534e-06
5.000000000032756e-06
5.000000000032756e-06
5.000000000032756e-06
6.000000000172534e-06
5.000000000032756e-06
5.999999999950489e-06
4.999999999810711e-06
5.999999999950489e-06
4.999999999810711e-06
5.000000000032756e-06
5.999999999950489e-06
5.999999999950489e-06
5.000000000032756e-06
4.999999999810711e-06
5.999999999950489e-06
5.000000000032756e-06
5.999999999950489e-06
5.000000000032756e-06
4.000000000115023e-06
5.000000000032756e-06
4.999999999810711e-06
5.000000000032756e-06
4.999999999810711e-06
5.000000000254801e-06
5.999999999950489e-06
5.999999999950489e-06
4.000000000115023e-06
6.000000000394579e-06
3.9999999996709334e-06
5.000000000254801e-06
2.9999999999752447e-06
4.000000000115023e-06
5.999999999950489e-06
4.999999999810711e-06
4.000000000115023e-06
5.000000000254801e-06
5.000000000254801e-06
5.000000000254801e-06
5.999999999950489e-06
4.999999999810711e-06
4.000000000115023e-06
4.000000000115023e-06
5.000000000254801e-06
4.999999999810711e-06
5.000000000254801e-06
5.999999999950489e-06
5.000000000254801e-06
4.000000000115023e-06
5.999999999950489e-06
5.000000000254801e-06
5.999999999950489e-06
6.000000000394579e-06
5.999999999950489e-06
5.999999999950489e-06
5.000000000254801e-06
3.9999999996709334e-06
5.999999999950489e-06
5.000000000254801e-06
4.999999999810711e-06
4.999999999810711e-06
4.999999999810711e-06
4.000000000115023e-06
5.000000000254801e-06
4.999999999810711e-06
5.000000000254801e-06
5.999999999950489e-06
4.000000000115023e-06
5.000000000254801e-06
5.999999999950489e-06
4.999999999810711e-06
4.999999999810711e-06
5.999999999950489e-06
4.999999999810711e-06
5.000000000254801e-06
4.999999999810711e-06
5.999999999950489e-06
5.000000000254801e-06
5.000000000254801e-06
4.000000000115023e-06
5.000000000254801e-06
5.999999999950489e-06
4.999999999810711e-06
5.999999999950489e-06
4.999999999810711e-06
5.000000000254801e-06
5.000000000254801e-06
5.000000000254801e-06
4.999999999810711e-06
5.999999999950489e-06
5.999999999950489e-06
5.000000000254801e-06
5.999999999950489e-06
7.000000000090267e-06
5.000000000254801e-06
4.999999999810711e-06
4.999999999810711e-06
5.999999999950489e-06
4.999999999810711e-06
5.000000000254801e-06
5.000000000254801e-06
4.999999999810711e-06
4.999999999810711e-06
5.000000000254801e-06
4.999999999810711e-06
4.999999999810711e-06
5.000000000254801e-06
4.999999999810711e-06
4.999999999810711e-06
4.999999999810711e-06
4.999999999810711e-06
4.999999999810711e-06
4.999999999810711e-06
5.999999999950489e-06
4.999999999810711e-06
5.999999999950489e-06
4.999999999810711e-06
4.999999999810711e-06
3.9999999996709334e-06
5.00000000069889e-06
3.9999999996709334e-06
5.00000000069889e-06
4.000000000559112e-06
4.999999999810711e-06
4.999999999810711e-06
4.999999999810711e-06
5.999999999950489e-06
5.999999999950489e-06
4.999999999810711e-06
3.000000000419334e-06
5.999999999950489e-06
3.9999999996709334e-06
5.00000000069889e-06
5.999999999950489e-06
4.999999999810711e-06
4.999999999810711e-06
4.999999999810711e-06
4.999999999810711e-06
4.999999999810711e-06
3.9999999996709334e-06
4.999999999810711e-06
3.9999999996709334e-06
4.999999999810711e-06
4.999999999810711e-06
4.999999999810711e-06
5.999999999950489e-06
4.999999999810711e-06
4.999999999977245e-06
5.000000000032756e-06
6.0000000000060005e-06
5.999999999950489e-06
5.000000000032756e-06
5.999999999950489e-06
3.999999999892978e-06
6.000000000061512e-06
4.000000000004e-06
6.000000000061512e-06
4.000000000004e-06
4.000000000004e-06
5.000000000032756e-06
5.999999999950489e-06
6.000000000061512e-06
5.000000000032756e-06
5.999999999950489e-06
3.999999999892978e-06
5.999999999950489e-06
6.000000000172534e-06
5.000000000032756e-06
5.999999999950489e-06
6.000000000172534e-06
5.999999999950489e-06
5.000000000032756e-06
4.000000000115023e-06
5.999999999950489e-06
4.999999999810711e-06
5.999999999950489e-06
4.000000000115023e-06
4.000000000115023e-06
5.000000000032756e-06
3.999999999892978e-06
5.000000000032756e-06
5.000000000032756e-06
6.000000000172534e-06
3.999999999892978e-06
3.999999999892978e-06
5.000000000032756e-06
5.000000000032756e-06
4.000000000115023e-06
4.999999999810711e-06
5.000000000254801e-06
5.999999999950489e-06
4.000000000115023e-06
4.999999999810711e-06
5.999999999950489e-06
4.999999999810711e-06
5.999999999950489e-06
3.9999999996709334e-06
5.000000000254801e-06
5.999999999950489e-06
5.000000000254801e-06
4.000000000115023e-06
5.999999999950489e-06
4.999999999810711e-06
5.999999999950489e-06
7.000000000090267e-06
5.000000000254801e-06
4.999999999810711e-06
4.999999999810711e-06
4.999999999810711e-06
1.9999999998354667e-06
4.999999999810711e-06
5.000000000254801e-06
3.9999999996709334e-06
3.9999999996709334e-06
5.000000000254801e-06
3.9999999996709334e-06
4.000000000115023e-06
3.9999999996709334e-06
3.9999999996709334e-06
4.000000000115023e-06
4.999999999810711e-06
5.000000000254801e-06
5.999999999950489e-06
4.999999999810711e-06
3.9999999996709334e-06
4.000000000115023e-06
3.9999999996709334e-06
4.000000000115023e-06
4.999999999810711e-06
5.000000000254801e-06
4.999999999810711e-06
4.999999999810711e-06
5.999999999950489e-06
5.999999999950489e-06
3.9999999996709334e-06
5.999999999950489e-06
5.999999999950489e-06
5.999999999950489e-06
4.999999999810711e-06
5.00000000069889e-06
3.9999999996709334e-06
5.999999999950489e-06
4.999999999810711e-06
5.999999999950489e-06
3.9999999996709334e-06
3.9999999996709334e-06
4.999999999810711e-06
4.999999999810711e-06
3.9999999996709334e-06
5.00000000069889e-06
4.999999999810711e-06
5.999999999950489e-06
4.999999999810711e-06
3.9999999996709334e-06
3.9999999996709334e-06
4.999999999810711e-06
4.999999999810711e-06
6.000000000838668e-06
4.999999999810711e-06
5.999999999950489e-06
4.999999999810711e-06
5.00000000069889e-06
4.999999999810711e-06
4.999999999810711e-06
5.999999999950489e-06
5.00000000069889e-06
4.999999999810711e-06
3.9999999996709334e-06
4.999999999810711e-06
4.999999999810711e-06
5.999999999950489e-06
4.000000000559112e-06
4.999999999810711e-06
4.999999999810711e-06
4.999999999810711e-06
5.999999999950489e-06
4.999999999810711e-06
5.999999999950489e-06
1.9999999993913775e-06
4.999999999810711e-06
4.999999999810711e-06
5.999999999950489e-06
3.9999999996709334e-06
4.999999999810711e-06
5.00000000069889e-06
7.000000000090267e-06
5.999999999950489e-06
5.999999999950489e-06
4.999999999810711e-06
4.999999999810711e-06
5.999999999950489e-06
4.999999999810711e-06
4.999999999810711e-06
5.999999999950489e-06
5.999999999950489e-06
6.000000000838668e-06
5.00000000069889e-06
4.999999999810711e-06
4.999999999810711e-06
3.9999999996709334e-06
3.9999999996709334e-06
4.999999999810711e-06
4.999999999810711e-06
5.00000000069889e-06
3.9999999996709334e-06
5.999999999950489e-06
5.999999999950489e-06
4.999999999810711e-06
4.000000000559112e-06
2.9999999995311555e-06
5.00000000069889e-06
5.999999999950489e-06
4.999999999810711e-06
5.999999999950489e-06
3.9999999996709334e-06
4.999999999810711e-06
5.00000000069889e-06
4.999999999810711e-06
4.999999999810711e-06
4.000000000559112e-06
3.9999999996709334e-06
5.00000000069889e-06
4.999999999810711e-06
5.999999999950489e-06
5.00000000069889e-06
4.999999999810711e-06
5.999999999950489e-06
4.999999999810711e-06
4.999999999810711e-06
5.999999999950489e-06
5.999999999062311e-06
6.000000000838668e-06
7.000000000090267e-06
4.000000000559112e-06
4.000000000559112e-06
4.9999999980343546e-06
7.000000000090267e-06
3.999999997006398e-06
4.9999999980343546e-06
4.9999999980343546e-06
5.999999999062311e-06
4.000000000559112e-06
5.999999999062311e-06
4.9999999980343546e-06
5.000000001587068e-06
4.000000000559112e-06
4.9999999980343546e-06
6.000000002615025e-06
5.999999999062311e-06
5.999999999062311e-06
4.9999999980343546e-06
6.000000002615025e-06
6.000000002615025e-06
4.000000000559112e-06
4.9999999980343546e-06
5.999999999062311e-06
5.999999999062311e-06
5.000000001587068e-06
5.999999999062311e-06
5.000000001587068e-06
4.000000000559112e-06
5.000000001587068e-06
4.9999999980343546e-06
4.9999999980343546e-06
5.999999999062311e-06
5.000000001587068e-06
4.9999999980343546e-06
3.999999997006398e-06
5.000000001587068e-06
5.000000001587068e-06
5.999999999062311e-06
4.9999999980343546e-06
5.999999999062311e-06
6.000000002615025e-06
4.9999999980343546e-06
6.000000002615025e-06
4.9999999980343546e-06
4.9999999980343546e-06
4.9999999980343546e-06
5.000000001587068e-06
6.000000002615025e-06
5.000000001587068e-06
5.000000001587068e-06
5.000000001587068e-06
4.000000000559112e-06
5.000000001587068e-06
5.000000001587068e-06
3.999999997006398e-06
4.9999999980343546e-06
6.000000002615025e-06
5.000000001587068e-06
5.999999999062311e-06
4.9999999980343546e-06
5.000000001587068e-06
6.000000002615025e-06
4.000000000559112e-06
5.999999999062311e-06
5.999999999062311e-06
5.000000001587068e-06
4.9999999980343546e-06
6.000000002615025e-06
3.999999997006398e-06
4.9999999980343546e-06
4.9999999980343546e-06
5.000000001587068e-06
4.9999999980343546e-06
4.9999999980343546e-06
4.9999999980343546e-06
4.9999999980343546e-06
4.9999999980343546e-06
4.9999999980343546e-06
5.999999999062311e-06
4.9999999980343546e-06
5.000000001587068e-06
4.9999999980343546e-06
4.9999999980343546e-06
5.000000001587068e-06
4.9999999980343546e-06
6.000000002615025e-06
5.999999999062311e-06
4.9999999980343546e-06
6.000000002615025e-06
4.9999999980343546e-06
6.000000002615025e-06
5.000000001587068e-06
5.000000001587068e-06
4.9999999980343546e-06
5.000000001587068e-06
5.999999999062311e-06
4.9999999980343546e-06
5.000000001587068e-06
4.9999999980343546e-06
4.9999999980343546e-06
5.000000001587068e-06
5.999999999062311e-06
4.9999999980343546e-06
5.000000001587068e-06
5.000000001587068e-06
4.9999999980343546e-06
5.000000001587068e-06
5.999999999062311e-06
5.000000001587068e-06
4.9999999980343546e-06
4.9999999980343546e-06
5.999999999062311e-06
5.999999999062311e-06
4.9999999980343546e-06
5.999999999062311e-06
3.999999997006398e-06
4.000000000559112e-06
4.000000000559112e-06
5.000000001587068e-06
4.000000000559112e-06
4.000000000559112e-06
4.9999999980343546e-06
4.9999999980343546e-06
4.9999999980343546e-06
4.9999999980343546e-06
4.9999999980343546e-06
5.000000001587068e-06
4.9999999980343546e-06
4.9999999980343546e-06
4.9999999980343546e-06
4.9999999980343546e-06
5.000000001587068e-06
5.000000001587068e-06
4.000000000559112e-06
6.000000002615025e-06
4.9999999980343546e-06
4.000000000559112e-06
4.9999999980343546e-06
4.9999999980343546e-06
4.000000000559112e-06
5.000000001587068e-06
5.999999999062311e-06
5.999999999062311e-06
5.000000001587068e-06
5.000000001587068e-06
5.000000001587068e-06
4.000000000559112e-06
4.000000000559112e-06
6.000000002615025e-06
4.9999999980343546e-06
5.000000001587068e-06
5.000000001587068e-06
5.000000001587068e-06
5.999999999062311e-06
4.000000000559112e-06
5.999999999062311e-06
4.9999999980343546e-06
4.000000000559112e-06
5.999999999062311e-06
5.999999999062311e-06
5.000000001587068e-06
5.000000001587068e-06
3.999999997006398e-06
4.9999999980343546e-06
5.000000001587068e-06
5.999999999062311e-06
6.000000002615025e-06
5.000000001587068e-06
7.000000000034756e-06
5.999999999950489e-06
4.999999999921734e-06
5.000000000032756e-06
6.000000000061512e-06
5.000000000032756e-06
5.000000000032756e-06
4.999999999921734e-06
4.000000000115023e-06
3.999999999892978e-06
5.000000000032756e-06
5.000000000032756e-06
5.000000000032756e-06
4.000000000115023e-06
5.000000000032756e-06
6.000000000172534e-06
4.000000000115023e-06
4.000000000115023e-06
5.000000000032756e-06
5.999999999950489e-06
5.000000000254801e-06
4.999999999810711e-06
4.999999999810711e-06
5.000000000254801e-06
4.000000000115023e-06
4.999999999810711e-06
4.999999999810711e-06
4.999999999810711e-06
5.999999999950489e-06
4.000000000115023e-06
6.000000000394579e-06
4.999999999810711e-06
4.999999999810711e-06
5.999999999950489e-06
4.000000000115023e-06
4.999999999810711e-06
4.999999999810711e-06
5.000000000254801e-06
5.000000000254801e-06
5.000000000254801e-06
6.000000000394579e-06
5.000000000254801e-06
4.999999999810711e-06
5.999999999950489e-06
4.999999999810711e-06
4.999999999810711e-06
4.000000000559112e-06
4.999999999810711e-06
5.00000000069889e-06
3.9999999996709334e-06
5.999999999950489e-06
4.999999999810711e-06
4.999999999810711e-06
3.9999999996709334e-06
2.9999999995311555e-06
5.999999999950489e-06
4.999999999810711e-06
4.999999999810711e-06
3.9999999996709334e-06
4.999999999810711e-06
4.999999999810711e-06
4.999999999810711e-06
4.999999999810711e-06
4.999999999810711e-06
4.999999999810711e-06
5.999999999950489e-06
4.999999999810711e-06
4.999999999810711e-06
4.999999999810711e-06
4.999999999810711e-06
5.00000000069889e-06
4.999999999810711e-06
3.9999999996709334e-06
4.999999999810711e-06
3.9999999996709334e-06
5.00000000069889e-06
4.999999999810711e-06
5.999999999950489e-06
4.999999999810711e-06
4.999999999810711e-06
5.999999999950489e-06
4.000000000559112e-06
4.999999999810711e-06
4.999999999810711e-06
4.999999999810711e-06
5.00000000069889e-06
5.00000000069889e-06
5.999999999950489e-06
5.999999999950489e-06
4.999999999810711e-06
4.999999999810711e-06
3.9999999996709334e-06
3.9999999996709334e-06
4.999999999810711e-06
5.999999999950489e-06
3.999999998782755e-06
4.999999999810711e-06
4.999999999810711e-06
4.999999999810711e-06
2.9999999995311555e-06
5.999999999062311e-06
4.999999999810711e-06
3.999999998782755e-06
6.000000000838668e-06
5.999999999062311e-06
5.999999999062311e-06
3.999999998782755e-06
4.000000000559112e-06
4.000000000559112e-06
5.999999999062311e-06
4.999999999810711e-06
4.000000000559112e-06
4.999999999810711e-06
6.000000000838668e-06
5.000000001587068e-06
4.999999999810711e-06
4.000000000559112e-06
3.0000000013075123e-06
4.999999999810711e-06
4.999999999810711e-06
4.999999999810711e-06
6.000000000838668e-06
4.999999999810711e-06
6.000000000838668e-06
5.999999999062311e-06
4.999999999810711e-06
4.999999999810711e-06
4.000000000559112e-06
4.999999999810711e-06
3.999999998782755e-06
5.999999999062311e-06
6.000000000838668e-06
6.000000000838668e-06
5.999999999062311e-06
4.999999999810711e-06
4.999999999810711e-06
4.999999999810711e-06
4.000000000559112e-06
4.999999999810711e-06
4.999999999810711e-06
3.999999998782755e-06
5.000000001587068e-06
4.999999999810711e-06
4.999999999810711e-06
4.999999999810711e-06
4.999999999810711e-06
4.999999999810711e-06
4.999999999810711e-06
4.999999999810711e-06
4.999999999810711e-06
4.999999999810711e-06
4.999999999810711e-06
4.000000000559112e-06
4.999999999810711e-06
4.999999999810711e-06
6.999999999979245e-06
4.999999999977245e-06
6.999999999979245e-06
6.0000000000060005e-06
2.9999999999752447e-06
6.0000000000060005e-06
8.000000000008e-06
6.000000000061512e-06
4.999999999977245e-06
4.000000000004e-06
2.9999999999752447e-06
6.000000000061512e-06
4.000000000004e-06
4.000000000004e-06
5.999999999950489e-06
5.999999999950489e-06
5.000000000032756e-06
4.000000000004e-06
4.999999999977245e-06
6.000000000061512e-06
4.999999999921734e-06
4.999999999921734e-06
4.999999999921734e-06
4.999999999921734e-06
4.000000000004e-06
5.000000000032756e-06
5.000000000032756e-06
5.000000000032756e-06
4.999999999810711e-06
5.000000000032756e-06
5.000000000032756e-06
5.000000000032756e-06
5.000000000032756e-06
4.000000000115023e-06
5.999999999950489e-06
5.999999999950489e-06
2.9999999999752447e-06
5.000000000254801e-06
4.999999999810711e-06
5.000000000254801e-06
5.000000000254801e-06
4.000000000115023e-06
4.999999999810711e-06
5.000000000254801e-06
3.9999999996709334e-06
4.999999999810711e-06
5.999999999950489e-06
4.000000000115023e-06
4.999999999810711e-06
4.000000000115023e-06
5.999999999950489e-06
3.9999999996709334e-06
4.000000000115023e-06
5.999999999950489e-06
4.999999999810711e-06
4.999999999810711e-06
5.999999999950489e-06
5.999999999950489e-06
4.999999999810711e-06
4.999999999810711e-06
3.9999999996709334e-06
5.999999999950489e-06
4.999999999810711e-06
4.000000000559112e-06
4.999999999810711e-06
4.999999999810711e-06
5.00000000069889e-06
5.999999999950489e-06
4.999999999810711e-06
5.999999999950489e-06
5.00000000069889e-06
5.999999999950489e-06
4.999999999810711e-06
5.00000000069889e-06
5.999999999950489e-06
3.9999999996709334e-06
3.9999999996709334e-06
5.999999999950489e-06
5.999999999950489e-06
5.00000000069889e-06
5.999999999950489e-06
5.00000000069889e-06
4.999999999810711e-06
4.999999999810711e-06
2.9999999995311555e-06
5.999999999950489e-06
4.999999999810711e-06
4.999999999810711e-06
4.999999999810711e-06
4.999999999810711e-06
4.999999999810711e-06
5.00000000069889e-06
3.9999999996709334e-06
5.999999999950489e-06
3.9999999996709334e-06
5.999999999950489e-06
4.999999999810711e-06
3.9999999996709334e-06
4.999999999810711e-06
4.999999999810711e-06
5.000000001587068e-06
4.999999999810711e-06
5.999999999062311e-06
4.999999999810711e-06
6.000000000838668e-06
4.999999999810711e-06
6.000000000838668e-06
4.999999999810711e-06
6.000000000838668e-06
4.999999999810711e-06
5.999999999062311e-06
3.999999998782755e-06
4.999999999810711e-06
5.999999999062311e-06
4.999999999810711e-06
4.000000000559112e-06
4.999999999810711e-06
6.000000000838668e-06
6.000000000838668e-06
4.999999999810711e-06
4.999999999810711e-06
4.000000000559112e-06
5.999999999062311e-06
4.999999999810711e-06
4.999999999810711e-06
2.9999999995311555e-06
6.000000000838668e-06
5.999999999062311e-06
4.999999999810711e-06
4.000000000559112e-06
4.999999999810711e-06
4.999999999810711e-06
4.999999999810711e-06
5.000000001587068e-06
4.000000000559112e-06
5.999999999062311e-06
3.999999998782755e-06
4.999999999810711e-06
2.9999999995311555e-06
5.999999999062311e-06
6.000000000838668e-06
4.999999999810711e-06
4.999999999810711e-06
4.999999999810711e-06
4.999999999810711e-06
5.999999999062311e-06
5.999999999062311e-06
4.999999999810711e-06
4.999999999810711e-06
4.000000000559112e-06
4.999999999810711e-06
5.999999999062311e-06
4.000000000559112e-06
4.999999999810711e-06
4.999999999810711e-06
4.000000000559112e-06
4.000000000559112e-06
6.000000000838668e-06
4.000000000559112e-06
3.999999998782755e-06
3.0000000013075123e-06
5.000000001587068e-06
4.999999999810711e-06
5.999999999062311e-06
4.999999999810711e-06
2.9999999995311555e-06
4.999999999810711e-06
4.999999999810711e-06
4.000000000559112e-06
3.999999998782755e-06
4.999999999810711e-06
6.000000000838668e-06
4.999999999810711e-06
4.999999999810711e-06
4.999999999810711e-06
4.999999999810711e-06
4.999999999810711e-06
4.000000000559112e-06
4.000000000559112e-06
5.999999999062311e-06
4.999999999810711e-06
5.000000001587068e-06
4.999999999810711e-06
4.9999999980343546e-06
4.9999999980343546e-06
4.9999999980343546e-06
5.000000001587068e-06
5.000000001587068e-06
4.9999999980343546e-06
4.9999999980343546e-06
5.000000001587068e-06
5.999999999062311e-06
5.000000001587068e-06
4.000000000559112e-06
5.999999999062311e-06
3.999999997006398e-06
4.000000000559112e-06
4.000000000559112e-06
4.000000000559112e-06
4.000000000559112e-06
4.9999999980343546e-06
5.000000001587068e-06
4.000000000559112e-06
6.999999999979245e-06
7.000000000090267e-06
5.999999999950489e-06
4.000000000004e-06
4.999999999921734e-06
5.000000000032756e-06
5.000000000032756e-06
5.000000000032756e-06
3.999999999892978e-06
5.999999999950489e-06
5.000000000032756e-06
5.000000000032756e-06
5.000000000032756e-06
5.000000000032756e-06
5.000000000032756e-06
4.999999999810711e-06
5.999999999950489e-06
4.999999999810711e-06
4.999999999810711e-06
4.999999999810711e-06
4.000000000115023e-06
4.000000000115023e-06
4.000000000115023e-06
5.999999999950489e-06
5.999999999950489e-06
4.999999999810711e-06
5.000000000254801e-06
4.999999999810711e-06
5.000000000254801e-06
5.000000000254801e-06
5.999999999950489e-06
3.9999999996709334e-06
4.999999999810711e-06
5.999999999950489e-06
6.000000000394579e-06
4.999999999810711e-06
4.999999999810711e-06
4.999999999810711e-06
5.00000000069889e-06
5.999999999950489e-06
5.00000000069889e-06
3.9999999996709334e-06
5.00000000069889e-06
5.00000000069889e-06
5.999999999950489e-06
7.000000000090267e-06
3.9999999996709334e-06
6.000000000838668e-06
5.00000000069889e-06
4.999999999810711e-06
5.999999999950489e-06
4.999999999810711e-06
4.999999999810711e-06
4.999999999810711e-06
5.999999999950489e-06
3.9999999996709334e-06
4.999999999810711e-06
4.999999999810711e-06
3.9999999996709334e-06
5.999999999950489e-06
4.999999999810711e-06
4.999999999810711e-06
4.999999999810711e-06
5.999999999950489e-06
5.999999999950489e-06
4.999999999810711e-06
4.999999999810711e-06
3.9999999996709334e-06
4.999999999810711e-06
4.999999999810711e-06
5.00000000069889e-06
5.999999999950489e-06
4.999999999810711e-06
7.000000000034756e-06
4.000000000004e-06
5.000000000032756e-06
6.000000000061512e-06
5.999999999950489e-06
5.000000000032756e-06
5.000000000032756e-06
5.999999999950489e-06
5.999999999950489e-06
4.000000000115023e-06
5.000000000032756e-06
5.000000000032756e-06
4.999999999810711e-06
5.000000000032756e-06
5.000000000032756e-06
5.000000000032756e-06
4.999999999810711e-06
5.000000000254801e-06
5.000000000254801e-06
5.000000000254801e-06
4.000000000115023e-06
5.999999999950489e-06
5.000000000254801e-06
5.000000000254801e-06
4.999999999810711e-06
4.999999999810711e-06
2.9999999999752447e-06
4.000000000115023e-06
5.999999999950489e-06
5.000000000254801e-06
5.999999999950489e-06
2.9999999999752447e-06
3.9999999996709334e-06
5.999999999950489e-06
4.000000000115023e-06
4.000000000115023e-06
4.000000000559112e-06
3.9999999996709334e-06
5.999999999950489e-06
5.00000000069889e-06
5.999999999950489e-06
5.999999999950489e-06
5.999999999950489e-06
3.9999999996709334e-06
5.999999999950489e-06
5.999999999950489e-06
4.999999999810711e-06
4.999999999810711e-06
5.999999999950489e-06
4.999999999810711e-06
4.999999999810711e-06
5.999999999950489e-06
4.000000000559112e-06
5.999999999950489e-06
4.999999999810711e-06
4.999999999810711e-06
5.00000000069889e-06
5.999999999950489e-06
5.999999999950489e-06
4.999999999810711e-06
5.999999999950489e-06
5.999999999950489e-06
5.999999999950489e-06
5.999999999950489e-06
5.00000000069889e-06
4.999999999810711e-06
4.999999999810711e-06
4.999999999810711e-06
4.999999999810711e-06
3.9999999996709334e-06
4.999999999810711e-06
5.999999999950489e-06
3.9999999996709334e-06
4.999999999810711e-06
5.00000000069889e-06
4.999999999810711e-06
4.999999999810711e-06
4.999999999810711e-06
5.000000001587068e-06
4.999999999810711e-06
4.999999999810711e-06
4.999999999810711e-06
5.000000001587068e-06
4.999999999810711e-06
3.999999998782755e-06
4.999999999810711e-06
4.999999999810711e-06
4.000000000559112e-06
4.999999999810711e-06
4.999999999810711e-06
4.999999999810711e-06
4.999999999810711e-06
4.999999999810711e-06
4.000000000559112e-06
5.999999999062311e-06
4.999999999810711e-06
4.999999999810711e-06
4.999999999810711e-06
4.999999999810711e-06
4.999999999810711e-06
5.999999999062311e-06
5.000000001587068e-06
4.999999999810711e-06
4.999999999810711e-06
5.999999999062311e-06
6.000000000838668e-06
6.000000000838668e-06
5.999999999062311e-06
6.000000000838668e-06
4.999999999810711e-06
5.999999999062311e-06
4.999999999810711e-06
6.000000000838668e-06
4.000000000559112e-06
4.999999999810711e-06
5.999999999062311e-06
5.999999999062311e-06
4.000000000559112e-06
4.999999999810711e-06
3.999999998782755e-06
4.999999999810711e-06
6.000000000838668e-06
4.999999999810711e-06
3.999999998782755e-06
4.999999999810711e-06
2.000000000279556e-06
4.999999999810711e-06
4.999999999810711e-06
5.999999999062311e-06
4.999999999810711e-06
5.999999999062311e-06
4.999999999810711e-06
4.999999999810711e-06
4.999999999810711e-06
4.999999999810711e-06
4.999999999810711e-06
4.999999999810711e-06
4.999999999810711e-06
4.999999999810711e-06
4.999999999810711e-06
5.000000001587068e-06
4.999999999810711e-06
5.000000001587068e-06
4.999999999810711e-06
5.999999999062311e-06
4.999999999810711e-06
3.999999998782755e-06
3.999999998782755e-06
5.999999999062311e-06
5.999999999062311e-06
6.000000000838668e-06
5.000000001587068e-06
4.999999999810711e-06
6.000000000838668e-06
5.999999999062311e-06
4.999999999810711e-06
6.000000000838668e-06
5.999999999062311e-06
5.000000001587068e-06
4.000000000559112e-06
5.000000001587068e-06
5.000000001587068e-06
5.999999999062311e-06
6.000000002615025e-06
5.000000001587068e-06
5.000000001587068e-06
4.9999999980343546e-06
4.000000000559112e-06
5.999999999062311e-06
4.9999999980343546e-06
5.000000001587068e-06
5.000000001587068e-06
4.9999999980343546e-06
4.9999999980343546e-06
5.999999999062311e-06
6.000000002615025e-06
2.9999999995311555e-06
4.000000000559112e-06
4.000000000559112e-06
7.000000000090267e-06
5.999999999062311e-06
4.000000000559112e-06
5.000000001587068e-06
5.000000001587068e-06
5.000000001587068e-06
7.000000000090267e-06
4.999999999921734e-06
5.999999999950489e-06
3.999999999892978e-06
5.000000000032756e-06
5.000000000032756e-06
5.000000000032756e-06
5.999999999950489e-06
4.999999999810711e-06
4.999999999810711e-06
3.999999999892978e-06
5.000000000032756e-06
4.999999999810711e-06
4.999999999810711e-06
5.999999999950489e-06
4.999999999810711e-06
5.999999999950489e-06
5.999999999950489e-06
4.999999999810711e-06
5.999999999950489e-06
5.000000000254801e-06
5.999999999950489e-06
5.000000000254801e-06
2.9999999999752447e-06
5.000000000254801e-06
4.999999999810711e-06
5.000000000254801e-06
6.000000000394579e-06
5.000000000254801e-06
4.000000000115023e-06
4.999999999810711e-06
5.999999999950489e-06
5.000000000254801e-06
4.999999999810711e-06
5.00000000069889e-06
4.999999999810711e-06
5.00000000069889e-06
5.999999999950489e-06
4.999999999810711e-06
4.999999999810711e-06
4.999999999810711e-06
4.999999999810711e-06
4.999999999810711e-06
4.999999999810711e-06
6.000000000838668e-06
4.999999999810711e-06
5.999999999950489e-06
5.999999999950489e-06
5.00000000069889e-06
5.999999999950489e-06
5.999999999950489e-06
4.999999999810711e-06
5.999999999950489e-06
4.999999999810711e-06
5.999999999950489e-06
4.999999999810711e-06
5.00000000069889e-06
4.999999999810711e-06
5.00000000069889e-06
5.999999999950489e-06
4.999999999810711e-06
4.999999999810711e-06
4.999999999810711e-06
4.999999999810711e-06
5.00000000069889e-06
4.999999999810711e-06
3.9999999996709334e-06
7.000000000090267e-06
4.999999999810711e-06
5.00000000069889e-06
4.999999999810711e-06
3.9999999996709334e-06
4.999999999810711e-06
4.000000000559112e-06
4.000000000559112e-06
6.000000000838668e-06
5.999999999062311e-06
5.999999999062311e-06
4.999999999810711e-06
4.999999999810711e-06
4.999999999810711e-06
4.999999999810711e-06
6.000000000838668e-06
5.999999999062311e-06
4.999999999810711e-06
4.999999999810711e-06
5.999999999062311e-06
6.000000000838668e-06
4.999999999810711e-06
5.999999999062311e-06
6.000000000838668e-06
4.999999999810711e-06
5.999999999062311e-06
3.999999998782755e-06
4.999999999810711e-06
4.999999999810711e-06
5.999999999062311e-06
6.000000000838668e-06
4.999999999810711e-06
6.000000000838668e-06
4.000000000559112e-06
4.999999999810711e-06
6.000000000838668e-06
4.000000000559112e-06
3.999999998782755e-06
4.999999999810711e-06
4.999999999810711e-06
4.999999999810711e-06
5.000000001587068e-06
4.000000000559112e-06
4.999999999810711e-06
4.000000000559112e-06
4.999999999810711e-06
4.000000000559112e-06
4.999999999810711e-06
4.000000000559112e-06
4.000000000559112e-06
5.999999999062311e-06
4.999999999810711e-06
4.999999999810711e-06
4.999999999810711e-06
4.999999999810711e-06
3.999999998782755e-06
4.999999999810711e-06
5.000000001587068e-06
3.999999998782755e-06
6.000000000838668e-06
4.999999999810711e-06
4.999999999810711e-06
4.999999999810711e-06
4.999999999810711e-06
4.999999999810711e-06
4.999999999810711e-06
5.999999999062311e-06
6.000000000838668e-06
3.0000000013075123e-06
4.999999999810711e-06
4.999999999810711e-06
4.999999999810711e-06
4.999999999810711e-06
6.000000000838668e-06
4.999999999810711e-06
4.999999999810711e-06
4.999999999810711e-06
4.999999999810711e-06
5.999999999062311e-06
4.000000000559112e-06
4.999999999810711e-06
6.000000000838668e-06
4.999999999810711e-06
5.999999999062311e-06
6.000000000838668e-06
4.000000000559112e-06
5.000000001587068e-06
4.9999999980343546e-06
5.000000001587068e-06
5.000000001587068e-06
4.9999999980343546e-06
5.000000001587068e-06
5.000000001587068e-06
3.999999997006398e-06
5.999999999062311e-06
6.000000002615025e-06
4.9999999980343546e-06
5.000000001587068e-06
5.000000001587068e-06
4.9999999980343546e-06
5.000000001587068e-06
5.000000001587068e-06
5.000000001587068e-06
5.000000001587068e-06
5.000000001587068e-06
4.000000000559112e-06
5.000000001587068e-06
5.999999999062311e-06
5.000000001587068e-06
5.000000001587068e-06
3.999999997006398e-06
4.9999999980343546e-06
5.000000001587068e-06
3.999999997006398e-06
5.000000001587068e-06
6.000000002615025e-06
5.999999999062311e-06
6.000000002615025e-06
6.0000000000060005e-06
7.000000000034756e-06
3.000000000086267e-06
5.000000000032756e-06
5.999999999950489e-06
5.000000000032756e-06
5.999999999950489e-06
6.000000000172534e-06
6.000000000172534e-06
4.000000000115023e-06
5.999999999950489e-06
4.000000000115023e-06
4.999999999810711e-06
5.000000000032756e-06
5.000000000032756e-06
5.000000000032756e-06
4.999999999810711e-06
4.000000000115023e-06
6.000000000394579e-06
5.999999999950489e-06
5.999999999950489e-06
4.999999999810711e-06
4.999999999810711e-06
4.000000000115023e-06
5.000000000254801e-06
5.999999999950489e-06
4.999999999810711e-06
5.000000000254801e-06
4.999999999810711e-06
3.9999999996709334e-06
5.999999999950489e-06
4.999999999810711e-06
4.999999999810711e-06
4.999999999810711e-06
5.999999999950489e-06
5.999999999950489e-06
5.00000000069889e-06
5.999999999950489e-06
5.00000000069889e-06
4.999999999810711e-06
5.999999999950489e-06
3.9999999996709334e-06
5.999999999950489e-06
5.999999999950489e-06
5.999999999950489e-06
4.999999999810711e-06
5.999999999950489e-06
4.999999999810711e-06
5.999999999950489e-06
4.999999999810711e-06
6.000000000838668e-06
4.999999999810711e-06
4.999999999810711e-06
4.999999999810711e-06
5.999999999950489e-06
4.999999999810711e-06
5.999999999950489e-06
4.999999999810711e-06
3.9999999996709334e-06
4.000000000559112e-06
3.9999999996709334e-06
4.999999999810711e-06
6.000000000838668e-06
4.999999999810711e-06
2.000000000279556e-06
5.00000000069889e-06
4.999999999810711e-06
4.999999999810711e-06
6.000000000838668e-06
5.999999999062311e-06
4.999999999810711e-06
4.999999999810711e-06
6.000000000838668e-06
4.999999999810711e-06
2.9999999995311555e-06
4.999999999810711e-06
5.999999999062311e-06
4.999999999810711e-06
4.000000000559112e-06
4.999999999810711e-06
4.999999999810711e-06
4.999999999810711e-06
4.999999999810711e-06
6.000000000838668e-06
6.000000000838668e-06
5.999999999062311e-06
5.999999999062311e-06
5.999999999062311e-06
4.999999999810711e-06
4.999999999810711e-06
4.999999999810711e-06
6.000000000838668e-06
3.999999998782755e-06
5.999999999062311e-06
4.999999999810711e-06
4.999999999810711e-06
6.000000000838668e-06
4.999999999810711e-06
5.000000001587068e-06
4.999999999810711e-06
6.000000000838668e-06
5.999999999062311e-06
3.999999998782755e-06
4.999999999810711e-06
4.999999999810711e-06
4.999999999810711e-06
4.999999999810711e-06
5.999999999062311e-06
4.000000000004e-06
2.6999999999999247e-05
4.999999999921734e-06
5.000000000032756e-06
5.000000000032756e-06
2.9999999999752447e-06
3.999999999892978e-06
5.000000000032756e-06
3.999999999892978e-06
5.000000000032756e-06
5.000000000032756e-06
2.9999999999752447e-06
5.999999999950489e-06
4.000000000115023e-06
4.999999999810711e-06
4.000000000115023e-06
5.999999999950489e-06
4.000000000115023e-06
4.999999999810711e-06
6.999999999646178e-06
5.999999999950489e-06
4.999999999810711e-06
4.000000000115023e-06
6.000000000394579e-06
5.999999999950489e-06
5.999999999950489e-06
5.999999999950489e-06
6.999999999646178e-06
5.999999999950489e-06
5.999999999950489e-06
5.999999999950489e-06
5.00000000069889e-06
4.999999999810711e-06
5.999999999950489e-06
5.999999999950489e-06
4.000000000559112e-06
4.999999999810711e-06
4.999999999810711e-06
4.999999999810711e-06
3.9999999996709334e-06
5.999999999950489e-06
4.999999999810711e-06
5.00000000069889e-06
3.9999999996709334e-06
4.999999999810711e-06
5.999999999950489e-06
5.999999999950489e-06
2.9999999995311555e-06
5.999999999950489e-06
5.999999999950489e-06
6.000000000838668e-06
4.000000000559112e-06
3.9999999996709334e-06
3.9999999996709334e-06
4.999999999810711e-06
4.999999999810711e-06
4.000000000559112e-06
3.9999999996709334e-06
5.00000000069889e-06
4.999999999810711e-06
4.999999999810711e-06
4.999999999810711e-06
5.999999999950489e-06
5.999999999950489e-06
5.999999999950489e-06
3.000000000419334e-06
4.999999999810711e-06
6.000000000838668e-06
6.000000000838668e-06
4.999999999810711e-06
4.999999999810711e-06
6.000000000838668e-06
5.999999999062311e-06
3.999999998782755e-06
7.000000000090267e-06
4.000000000559112e-06
4.000000000559112e-06
4.999999999810711e-06
6.9999999983139105e-06
4.000000000559112e-06
5.999999999062311e-06
4.000000000559112e-06
4.000000000559112e-06
3.999999998782755e-06
5.999999999062311e-06
4.000000000559112e-06
4.999999999810711e-06
4.999999999810711e-06
4.000000000559112e-06
4.999999999810711e-06
4.999999999810711e-06
4.999999999810711e-06
6.000000000838668e-06
6.000000000838668e-06
3.999999998782755e-06
4.000000000559112e-06
7.000000000090267e-06
6.000000000838668e-06
2.9999999995311555e-06
5.999999999062311e-06
6.000000000838668e-06
3.999999998782755e-06
4.000000000559112e-06
4.999999999810711e-06
5.999999999062311e-06
4.999999999810711e-06
5.999999999062311e-06
3.999999998782755e-06
7.000000000090267e-06
6.000000000838668e-06
7.000000000090267e-06
5.999999999062311e-06
4.999999999810711e-06
5.999999999062311e-06
5.999999999062311e-06
7.000000000090267e-06
4.999999999810711e-06
4.999999999810711e-06
4.999999999810711e-06
6.000000000838668e-06
3.999999998782755e-06
5.999999999062311e-06
4.999999999810711e-06
5.999999999062311e-06
5.999999999062311e-06
6.000000000838668e-06
4.000000000559112e-06
5.999999999062311e-06
3.999999998782755e-06
7.000000000090267e-06
3.999999998782755e-06
4.999999999810711e-06
4.999999999810711e-06
4.999999999810711e-06
4.999999999810711e-06
5.999999999062311e-06
5.999999999062311e-06
4.000000000559112e-06
5.000000001587068e-06
4.000000000559112e-06
4.000000000559112e-06
3.999999997006398e-06
4.000000000559112e-06
5.999999999062311e-06
4.9999999980343546e-06
4.000000000559112e-06
4.9999999980343546e-06
3.999999997006398e-06
4.9999999980343546e-06
4.9999999980343546e-06
4.9999999980343546e-06
4.9999999980343546e-06
3.999999997006398e-06
7.000000000090267e-06
5.999999999062311e-06
4.000000000559112e-06
4.000000000559112e-06
4.000000000559112e-06
6.000000002615025e-06
5.999999999062311e-06
4.9999999980343546e-06
5.999999999062311e-06
2.5999999998305157e-05
4.9999999980343546e-06
4.9999999980343546e-06
6.000000002615025e-06
5.000000001587068e-06
5.999999999062311e-06
5.999999999062311e-06
5.000000001587068e-06
5.999999999062311e-06
4.000000000559112e-06
5.999999999062311e-06
4.000000000559112e-06
5.999999999062311e-06
5.999999999062311e-06
2.9999999995311555e-06
4.000000000559112e-06
4.000000000559112e-06
4.000000000559112e-06
7.000000000090267e-06
5.000000001587068e-06
4.000000000559112e-06
5.000000001587068e-06
5.999999999062311e-06
6.999999999979245e-06
6.000000000061512e-06
5.000000000032756e-06
5.999999999950489e-06
5.000000000032756e-06
4.999999999810711e-06
5.999999999950489e-06
5.000000000032756e-06
5.000000000032756e-06
5.999999999950489e-06
5.000000000032756e-06
4.000000000115023e-06
5.999999999950489e-06
4.000000000115023e-06
4.999999999810711e-06
3.9999999996709334e-06
4.000000000115023e-06
5.000000000254801e-06
5.999999999950489e-06
5.999999999950489e-06
4.999999999810711e-06
4.000000000115023e-06
5.999999999950489e-06
5.000000000254801e-06
4.000000000115023e-06
4.000000000115023e-06
4.999999999810711e-06
5.999999999950489e-06
5.000000000254801e-06
8.000000000008e-06
5.999999999950489e-06
4.000000000004e-06
6.000000000172534e-06
6.000000000172534e-06
4.000000000115023e-06
5.000000000032756e-06
3.999999999892978e-06
5.000000000032756e-06
5.999999999950489e-06
5.000000000032756e-06
5.000000000032756e-06
4.000000000115023e-06
4.000000000115023e-06
5.999999999950489e-06
5.000000000254801e-06
5.999999999950489e-06
4.000000000115023e-06
5.999999999950489e-06
4.000000000115023e-06
5.999999999950489e-06
4.999999999810711e-06
5.000000000254801e-06
5.000000000254801e-06
5.999999999950489e-06
5.000000000254801e-06
4.000000000115023e-06
5.999999999950489e-06
5.000000000254801e-06
3.9999999996709334e-06
5.000000000254801e-06
5.999999999950489e-06
7.000000000090267e-06
5.999999999950489e-06
5.999999999950489e-06
4.999999999810711e-06
4.999999999810711e-06
7.000000000090267e-06
4.999999999810711e-06
4.000000000559112e-06
4.999999999810711e-06
3.9999999996709334e-06
3.9999999996709334e-06
4.999999999810711e-06
4.999999999810711e-06
7.000000000090267e-06
4.000000000559112e-06
5.00000000069889e-06
5.999999999950489e-06
3.9999999996709334e-06
2.6000000000081513e-05
5.999999999950489e-06
5.999999999950489e-06
4.000000000559112e-06
5.00000000069889e-06
4.999999999810711e-06
5.999999999950489e-06
4.999999999810711e-06
5.999999999950489e-06
3.9999999996709334e-06
5.00000000069889e-06
3.9999999996709334e-06
5.999999999950489e-06
4.999999999810711e-06
3.9999999996709334e-06
3.9999999996709334e-06
5.999999999950489e-06
4.999999999810711e-06
6.000000000838668e-06
5.999999999062311e-06
4.000000000559112e-06
6.000000000838668e-06
6.000000000838668e-06
4.000000000559112e-06
4.999999999810711e-06
4.999999999810711e-06
4.999999999810711e-06
5.999999999062311e-06
4.999999999810711e-06
6.000000000838668e-06
4.999999999810711e-06
5.000000001587068e-06
7.000000000090267e-06
4.000000000559112e-06
4.000000000559112e-06
6.000000000838668e-06
6.000000000838668e-06
6.000000000838668e-06
4.999999999810711e-06
4.999999999810711e-06
4.999999999810711e-06
4.000000000559112e-06
5.999999999062311e-06
6.000000000838668e-06
5.000000001587068e-06
4.000000000559112e-06
4.999999999810711e-06
3.999999998782755e-06
6.000000000838668e-06
4.000000000559112e-06
4.000000000559112e-06
4.999999999810711e-06
4.000000000559112e-06
5.000000001587068e-06
6.000000000838668e-06
4.000000000559112e-06
7.000000000090267e-06
5.000000001587068e-06
4.000000000559112e-06
4.999999999810711e-06
6.000000000838668e-06
2.9999999995311555e-06
4.999999999810711e-06
4.999999999810711e-06
4.000000000559112e-06
6.000000000838668e-06
6.000000000838668e-06
4.999999999810711e-06
5.999999999062311e-06
4.999999999810711e-06
6.000000000838668e-06
6.000000000838668e-06
4.000000000559112e-06
5.999999999062311e-06
6.000000000838668e-06
5.999999999062311e-06
4.999999999810711e-06
4.999999999810711e-06
4.999999999810711e-06
4.999999999810711e-06
4.999999999810711e-06
3.999999998782755e-06
4.999999999810711e-06
4.000000000559112e-06
4.999999999810711e-06
4.999999999810711e-06
4.000000000559112e-06
4.999999999810711e-06
3.999999998782755e-06
3.0000000013075123e-06
6.000000002615025e-06
4.9999999980343546e-06
4.9999999980343546e-06
3.999999997006398e-06
5.999999999062311e-06
4.000000000559112e-06
6.000000002615025e-06
5.000000001587068e-06
4.9999999980343546e-06
3.999999997006398e-06
3.999999997006398e-06
4.9999999980343546e-06
4.999999999977245e-06
5.000000000032756e-06
5.999999999950489e-06
5.000000000032756e-06
5.000000000032756e-06
4.000000000115023e-06
5.000000000032756e-06
2.9999999999752447e-06
4.000000000115023e-06
2.9999999999752447e-06
5.999999999950489e-06
3.999999999892978e-06
4.000000000115023e-06
5.999999999950489e-06
4.000000000115023e-06
4.999999999810711e-06
5.000000000254801e-06
5.999999999950489e-06
5.999999999950489e-06
3.9999999996709334e-06
4.999999999810711e-06
4.999999999810711e-06
5.999999999950489e-06
5.999999999950489e-06
4.000000000115023e-06
4.000000000115023e-06
5.999999999950489e-06
5.999999999950489e-06
4.999999999810711e-06
5.999999999950489e-06
4.999999999810711e-06
5.999999999950489e-06
4.999999999810711e-06
4.999999999810711e-06
4.999999999810711e-06
3.9999999996709334e-06
4.999999999810711e-06
5.999999999950489e-06
5.999999999950489e-06
5.999999999950489e-06
4.999999999810711e-06
4.999999999810711e-06
5.999999999950489e-06
4.999999999810711e-06
4.999999999810711e-06
5.999999999950489e-06
3.9999999996709334e-06
4.999999999810711e-06
4.000000000559112e-06
4.999999999810711e-06
3.9999999996709334e-06
4.999999999810711e-06
4.000000000559112e-06
5.999999999950489e-06
5.00000000069889e-06
5.999999999950489e-06
5.999999999950489e-06
4.999999999810711e-06
5.999999999950489e-06
4.999999999810711e-06
4.999999999810711e-06
3.9999999996709334e-06
5.00000000069889e-06
3.9999999996709334e-06
5.00000000069889e-06
4.999999999810711e-06
2.9999999995311555e-06
3.999999998782755e-06
4.999999999810711e-06
3.999999998782755e-06
4.999999999810711e-06
4.999999999810711e-06
7.000000000090267e-06
4.999999999810711e-06
4.999999999810711e-06
4.999999999810711e-06
3.999999998782755e-06
8.000000000008e-06
6.999999999979245e-06
4.999999999921734e-06
5.000000000032756e-06
4.000000000004e-06
5.999999999950489e-06
5.000000000032756e-06
3.999999999892978e-06
4.999999999810711e-06
5.999999999950489e-06
5.000000000032756e-06
5.000000000032756e-06
6.000000000172534e-06
5.000000000032756e-06
5.999999999950489e-06
5.000000000032756e-06
5.000000000032756e-06
5.999999999950489e-06
5.999999999950489e-06
4.999999999810711e-06
6.000000000394579e-06
6.000000000394579e-06
4.999999999810711e-06
5.000000000254801e-06
5.999999999950489e-06
3.9999999996709334e-06
5.999999999950489e-06
4.999999999810711e-06
4.999999999810711e-06
4.999999999810711e-06
5.000000000254801e-06
4.000000000115023e-06
6.000000000394579e-06
5.999999999950489e-06
5.999999999950489e-06
5.999999999950489e-06
5.000000000254801e-06
5.999999999950489e-06
5.000000000254801e-06
4.000000000559112e-06
4.999999999810711e-06
4.999999999810711e-06
3.9999999996709334e-06
4.999999999810711e-06
4.999999999810711e-06
5.00000000069889e-06
4.999999999810711e-06
5.999999999950489e-06
2.9999999995311555e-06
4.999999999810711e-06
5.999999999950489e-06
3.9999999996709334e-06
4.999999999810711e-06
5.00000000069889e-06
4.999999999810711e-06
3.9999999996709334e-06
4.999999999810711e-06
3.9999999996709334e-06
5.999999999950489e-06
4.000000000559112e-06
5.999999999950489e-06
5.999999999950489e-06
3.9999999996709334e-06
3.9999999996709334e-06
5.999999999950489e-06
5.999999999950489e-06
3.9999999996709334e-06
4.999999999810711e-06
5.999999999950489e-06
4.000000000559112e-06
3.9999999996709334e-06
4.999999999810711e-06
4.999999999810711e-06
4.000000000559112e-06
5.999999999950489e-06
5.999999999950489e-06
4.999999999810711e-06
5.999999999950489e-06
3.9999999996709334e-06
4.000000000559112e-06
4.999999999810711e-06
4.000000000559112e-06
4.000000000559112e-06
5.999999999062311e-06
6.000000000838668e-06
3.999999998782755e-06
4.999999999810711e-06
4.000000000559112e-06
6.000000000838668e-06
4.999999999810711e-06
5.999999999062311e-06
4.999999999810711e-06
4.999999999810711e-06
6.000000000838668e-06
6.000000000838668e-06
4.999999999810711e-06
6.000000000838668e-06
4.999999999810711e-06
6.000000000838668e-06
6.000000000838668e-06
4.999999999810711e-06
3.999999998782755e-06
7.000000000090267e-06
4.999999999810711e-06
5.999999999062311e-06
5.999999999062311e-06
6.000000000838668e-06
6.000000000838668e-06
4.999999999810711e-06
3.999999998782755e-06
4.000000000559112e-06
6.000000000838668e-06
5.000000001587068e-06
6.000000000838668e-06
5.999999999062311e-06
4.999999999810711e-06
4.999999999810711e-06
4.999999999810711e-06
6.000000000838668e-06
4.999999999810711e-06
4.999999999810711e-06
6.000000000838668e-06
4.000000000559112e-06
5.999999999062311e-06
5.999999999062311e-06
6.000000000838668e-06
4.999999999810711e-06
6.999999999979245e-06
5.000000000032756e-06
4.000000000004e-06
5.000000000032756e-06
7.000000000090267e-06
4.999999999810711e-06
3.999999999892978e-06
5.999999999950489e-06
5.000000000032756e-06
4.000000000115023e-06
4.999999999810711e-06
4.000000000115023e-06
5.999999999950489e-06
5.000000000032756e-06
4.999999999810711e-06
2.9999999999752447e-06
4.000000000115023e-06
4.000000000115023e-06
3.9999999996709334e-06
3.9999999996709334e-06
5.000000000254801e-06
5.999999999950489e-06
5.000000000254801e-06
5.999999999950489e-06
5.999999999950489e-06
4.000000000115023e-06
4.999999999810711e-06
5.000000000254801e-06
2.9999999999752447e-06
2.9999999999752447e-06
3.000000000419334e-06
5.000000000254801e-06
3.9999999996709334e-06
4.000000000559112e-06
5.00000000069889e-06
4.999999999810711e-06
4.999999999810711e-06
3.000000000419334e-06
4.999999999810711e-06
5.999999999950489e-06
4.000000000559112e-06
2.000000000279556e-06
3.000000000419334e-06
3.9999999996709334e-06
4.000000000559112e-06
4.999999999810711e-06
5.999999999950489e-06
3.9999999996709334e-06
5.999999999950489e-06
3.9999999996709334e-06
3.000000000419334e-06
5.00000000069889e-06
3.9999999996709334e-06
3.9999999996709334e-06
4.999999999810711e-06
4.999999999810711e-06
3.9999999996709334e-06
3.9999999996709334e-06
4.999999999810711e-06
4.999999999810711e-06
4.000000000559112e-06
4.999999999810711e-06
3.9999999996709334e-06
3.9999999996709334e-06
4.000000000559112e-06
4.999999999810711e-06
3.9999999996709334e-06
5.999999999950489e-06
4.999999999810711e-06
5.999999999950489e-06
4.999999999810711e-06
4.999999999810711e-06
4.000000000559112e-06
4.999999999810711e-06
4.000000000559112e-06
4.000000000559112e-06
4.999999999810711e-06
5.999999999062311e-06
4.999999999810711e-06
3.999999998782755e-06
4.000000000559112e-06
4.999999999810711e-06
4.000000000559112e-06
4.999999999810711e-06
3.0000000013075123e-06
5.999999999062311e-06
3.999999998782755e-06
6.000000000838668e-06
4.999999999810711e-06
4.999999999810711e-06
5.000000001587068e-06
4.000000000559112e-06
4.999999999810711e-06
2.9999999995311555e-06
5.000000001587068e-06
5.000000001587068e-06
6.000000000838668e-06
5.999999999062311e-06
4.999999999810711e-06
6.000000000838668e-06
4.999999999810711e-06
4.000000000559112e-06
4.000000000559112e-06
4.000000000559112e-06
4.999999999810711e-06
5.999999999062311e-06
4.999999999810711e-06
4.000000000559112e-06
4.999999999810711e-06
4.000000000559112e-06
6.000000000838668e-06
4.999999999810711e-06
4.999999999810711e-06
4.999999999810711e-06
4.999999999810711e-06
4.000000000559112e-06
4.000000000559112e-06
4.000000000559112e-06
6.000000000838668e-06
2.9999999995311555e-06
5.999999999062311e-06
4.999999999810711e-06
6.000000000838668e-06
4.999999999810711e-06
3.0000000013075123e-06
4.999999999810711e-06
4.999999999810711e-06
6.000000000838668e-06
4.999999999810711e-06
4.999999999810711e-06
3.999999998782755e-06
4.000000000559112e-06
5.999999999062311e-06
4.000000000559112e-06
6.000000000838668e-06
4.000000000559112e-06
4.999999999810711e-06
3.999999998782755e-06
4.000000000559112e-06
5.000000001587068e-06
3.999999998782755e-06
4.000000000559112e-06
5.999999999062311e-06
5.999999999062311e-06
4.999999999810711e-06
6.000000000838668e-06
4.000000000559112e-06
4.999999999810711e-06
4.999999999810711e-06
2.4999999999053557e-05
4.000000000559112e-06
5.999999999062311e-06
4.000000000559112e-06
6.000000002615025e-06
4.9999999980343546e-06
4.000000000559112e-06
4.000000000559112e-06
5.999999999062311e-06
5.999999999062311e-06
5.999999999062311e-06
5.000000001587068e-06
4.9999999980343546e-06
5.999999999062311e-06
5.000000001587068e-06
5.000000001587068e-06
5.000000001587068e-06
5.000000001587068e-06
2.9999999995311555e-06
4.000000000559112e-06
4.000000000559112e-06
5.000000001587068e-06
5.999999999062311e-06
4.000000000559112e-06
5.999999999062311e-06
3.000000003083869e-06
3.999999997006398e-06
2.9999999995311555e-06
5.000000001587068e-06
4.9999999980343546e-06
4.9999999980343546e-06
5.999999999062311e-06
3.000000003083869e-06
5.000000001587068e-06
3.999999997006398e-06
4.9999999980343546e-06
3.999999997006398e-06
5.000000001587068e-06
5.999999999062311e-06
5.000000001587068e-06
5.000000001587068e-06
5.000000001587068e-06
5.999999999062311e-06
5.000000001587068e-06
5.999999999062311e-06
5.000000001587068e-06
5.000000001587068e-06
2.9999999995311555e-06
3.999999997006398e-06
3.999999997006398e-06
5.000000001587068e-06
5.000000001587068e-06
5.000000001587068e-06
2.9999999995311555e-06
3.999999997006398e-06
3.999999997006398e-06
3.999999997006398e-06
5.000000001587068e-06
5.000000001587068e-06
3.999999997006398e-06
3.999999997006398e-06
5.000000001587068e-06
5.000000001587068e-06
4.999999994481641e-06
4.0000000041118255e-06
4.999999994481641e-06
5.999999999062311e-06
5.000000001587068e-06
3.999999997006398e-06
5.000000001587068e-06
5.000000001587068e-06
5.000000001587068e-06
4.999999994481641e-06
3.999999997006398e-06
5.000000001587068e-06
3.999999997006398e-06
3.999999997006398e-06
5.999999999062311e-06
5.000000001587068e-06
5.999999999062311e-06
5.000000001587068e-06
5.999999999062311e-06
3.999999997006398e-06
5.000000001587068e-06
5.999999999062311e-06
5.999999999062311e-06
5.000000001587068e-06
3.999999997006398e-06
6.000000006167738e-06
5.000000001587068e-06
5.000000001587068e-06
5.999999999062311e-06
3.999999997006398e-06
2.9999999995311555e-06
4.0000000041118255e-06
3.999999997006398e-06
3.999999997006398e-06
5.999999999062311e-06
5.000000001587068e-06
4.0000000041118255e-06
5.000000001587068e-06
5.000000001587068e-06
4.0000000041118255e-06
7.000000003642981e-06
5.000000001587068e-06
6.000000006167738e-06
4.0000000041118255e-06
5.000000001587068e-06
3.000000000030756e-06
3.000000000030756e-06
4.000000000004e-06
6.000000000061512e-06
6.000000000061512e-06
6.000000000061512e-06
5.000000000032756e-06
5.999999999950489e-06
5.000000000032756e-06
5.000000000032756e-06
5.000000000032756e-06
5.999999999950489e-06
5.000000000032756e-06
2.9999999999752447e-06
4.000000000115023e-06
5.000000000254801e-06
5.000000000254801e-06
5.999999999950489e-06
5.000000000254801e-06
4.000000000115023e-06
6.0000000000060005e-06
7.000000000034756e-06
5.000000000032756e-06
6.000000000061512e-06
5.000000000032756e-06
5.999999999950489e-06
4.999999999810711e-06
6.999999999868223e-06
5.999999999950489e-06
5.999999999950489e-06
5.999999999950489e-06
5.000000000032756e-06
6.0000000000060005e-06
5.000000000032756e-06
5.000000000032756e-06
4.999999999921734e-06
5.999999999950489e-06
5.000000000032756e-06
5.999999999950489e-06
5.000000000032756e-06
5.000000000032756e-06
6.999999999868223e-06
5.000000000032756e-06
5.999999999950489e-06
5.999999999950489e-06
5.000000000254801e-06
4.999999999810711e-06
4.999999999810711e-06
5.999999999950489e-06
5.999999999950489e-06
5.999999999950489e-06
5.000000000254801e-06
6.000000000394579e-06
5.999999999950489e-06
5.999999999950489e-06
4.999999999810711e-06
5.999999999950489e-06
5.999999999950489e-06
5.000000000254801e-06
5.999999999950489e-06
5.999999999950489e-06
5.999999999950489e-06
5.999999999950489e-06
4.999999999810711e-06
4.999999999810711e-06
4.999999999810711e-06
3.9999999996709334e-06
5.999999999950489e-06
5.999999999950489e-06
4.999999999810711e-06
4.999999999810711e-06
6.000000000838668e-06
5.999999999950489e-06
5.00000000069889e-06
4.999999999810711e-06
5.999999999950489e-06
5.00000000069889e-06
5.999999999950489e-06
5.00000000069889e-06
5.00000000069889e-06
4.999999999810711e-06
5.999999999950489e-06
5.999999999950489e-06
5.999999999950489e-06
4.999999999810711e-06
4.999999999810711e-06
4.999999999810711e-06
5.00000000069889e-06
4.999999999810711e-06
4.999999999810711e-06
6.000000000838668e-06
4.999999999810711e-06
5.999999999062311e-06
6.000000000838668e-06
6.000000000838668e-06
4.999999999810711e-06
4.000000000559112e-06
4.999999999810711e-06
4.000000000559112e-06
6.000000000838668e-06
5.999999999062311e-06
4.999999999810711e-06
2.9999999995311555e-06
4.999999999810711e-06
4.999999999810711e-06
6.000000000838668e-06
4.999999999810711e-06
7.000000000090267e-06
4.999999999810711e-06
3.999999998782755e-06
4.999999999810711e-06
5.999999999062311e-06
4.999999999810711e-06
6.000000000838668e-06
4.000000000559112e-06
4.999999999810711e-06
6.000000000838668e-06
4.999999999810711e-06
4.999999999810711e-06
4.999999999810711e-06
3.999999998782755e-06
6.000000000838668e-06
5.999999999062311e-06
6.000000000838668e-06
4.000000000559112e-06
5.999999999062311e-06
4.999999999810711e-06
5.999999999062311e-06
5.999999999062311e-06
6.000000000838668e-06
4.999999999810711e-06
6.000000000838668e-06
5.000000001587068e-06
5.000000001587068e-06
4.999999999810711e-06
6.000000000838668e-06
5.999999999062311e-06
5.999999999062311e-06
4.000000000559112e-06
4.999999999810711e-06
4.999999999810711e-06
4.999999999810711e-06
6.000000000838668e-06
5.999999999062311e-06
5.999999999062311e-06
3.999999998782755e-06
4.999999999810711e-06
4.999999999810711e-06
4.9999999980343546e-06
5.000000001587068e-06
4.9999999980343546e-06
4.9999999980343546e-06
5.000000001587068e-06
7.000000000090267e-06
4.9999999980343546e-06
5.999999999062311e-06
5.000000001587068e-06
5.999999999062311e-06
5.999999999062311e-06
1.999999998503199e-06
5.000000001587068e-06
4.9999999980343546e-06
4.9999999980343546e-06
4.000000000559112e-06
4.9999999980343546e-06
5.000000001587068e-06
5.999999999062311e-06
6.000000002615025e-06
5.000000001587068e-06
5.000000001587068e-06
5.999999999062311e-06
5.999999999062311e-06
5.000000001587068e-06
5.999999999062311e-06
5.999999999062311e-06
5.000000001587068e-06
4.9999999980343546e-06
5.000000001587068e-06
4.9999999980343546e-06
5.000000001587068e-06
5.999999999062311e-06
4.9999999980343546e-06
4.9999999980343546e-06
5.999999999062311e-06
4.9999999980343546e-06
5.000000001587068e-06
4.9999999980343546e-06
3.999999997006398e-06
4.9999999980343546e-06
5.000000001587068e-06
5.000000001587068e-06
5.000000001587068e-06
5.000000001587068e-06
4.9999999980343546e-06
4.9999999980343546e-06
6.000000000061512e-06
4.999999999810711e-06
5.000000000032756e-06
5.000000000032756e-06
7.000000000090267e-06
5.000000000032756e-06
5.999999999950489e-06
7.000000000090267e-06
5.999999999950489e-06
4.999999999810711e-06
5.00000000069889e-06
5.999999999950489e-06
5.00000000069889e-06
4.999999999810711e-06
4.999999999810711e-06
5.999999999950489e-06
5.999999999950489e-06
3.9999999996709334e-06
4.999999999810711e-06
4.999999999810711e-06
5.00000000069889e-06
4.999999999810711e-06
4.999999999810711e-06
3.9999999996709334e-06
3.9999999996709334e-06
4.999999999810711e-06
4.000000000559112e-06
4.999999999810711e-06
4.999999999810711e-06
4.000000000559112e-06
4.999999999810711e-06
4.999999999810711e-06
4.999999999810711e-06
4.000000000559112e-06
4.000000000559112e-06
4.999999999810711e-06
4.999999999810711e-06
4.999999999810711e-06
6.000000000838668e-06
4.000000000559112e-06
4.000000000559112e-06
4.999999999810711e-06
4.000000000559112e-06
4.000000000559112e-06
6.000000000838668e-06
4.999999999810711e-06
6.000000000838668e-06
4.000000000559112e-06
4.999999999810711e-06
4.999999999810711e-06
4.999999999810711e-06
4.999999999810711e-06
4.000000000559112e-06
5.999999999062311e-06
4.999999999810711e-06
4.999999999810711e-06
4.999999999810711e-06
5.000000001587068e-06
4.000000000559112e-06
6.000000000838668e-06
6.000000000838668e-06
4.999999999810711e-06
4.000000000559112e-06
5.999999999062311e-06
4.999999999810711e-06
5.000000001587068e-06
4.999999999810711e-06
5.999999999062311e-06
4.999999999810711e-06
4.999999999810711e-06
4.999999999810711e-06
3.999999998782755e-06
4.999999999810711e-06
5.999999999062311e-06
4.000000000559112e-06
5.000000001587068e-06
4.000000000559112e-06
4.000000000559112e-06
4.000000000559112e-06
5.000000001587068e-06
4.000000000559112e-06
4.000000000559112e-06
6.000000000838668e-06
4.999999999810711e-06
4.999999999810711e-06
4.000000000559112e-06
5.000000001587068e-06
4.9999999980343546e-06
4.000000000559112e-06
4.9999999980343546e-06
7.000000000090267e-06
5.000000001587068e-06
4.000000000559112e-06
5.000000001587068e-06
4.000000000559112e-06
4.000000000559112e-06
4.000000000559112e-06
4.9999999980343546e-06
4.000000000559112e-06
4.000000000559112e-06
5.999999999062311e-06
6.000000002615025e-06
4.9999999980343546e-06
5.000000001587068e-06
5.000000001587068e-06
5.000000001587068e-06
5.000000000032756e-06
5.999999999950489e-06
5.000000000032756e-06
5.000000000032756e-06
5.999999999950489e-06
5.000000000032756e-06
5.000000000032756e-06
5.999999999950489e-06
3.999999999892978e-06
5.000000000032756e-06
6.000000000172534e-06
5.999999999950489e-06
4.999999999810711e-06
5.999999999950489e-06
7.000000000090267e-06
5.999999999950489e-06
5.999999999950489e-06
7.000000000090267e-06
5.000000000254801e-06
4.999999999810711e-06
4.999999999810711e-06
4.999999999810711e-06
6.000000000394579e-06
4.999999999810711e-06
5.00000000069889e-06
5.999999999950489e-06
3.9999999996709334e-06
5.999999999950489e-06
5.999999999950489e-06
5.999999999950489e-06
5.999999999950489e-06
4.999999999810711e-06
5.00000000069889e-06
5.999999999950489e-06
4.999999999810711e-06
5.999999999950489e-06
4.999999999810711e-06
4.999999999810711e-06
7.000000000090267e-06
4.999999999810711e-06
4.000000000559112e-06
5.00000000069889e-06
4.999999999810711e-06
5.999999999950489e-06
4.999999999810711e-06
5.999999999950489e-06
6.000000000838668e-06
4.999999999810711e-06
4.999999999810711e-06
4.999999999810711e-06
4.000000000559112e-06
6.000000000838668e-06
4.999999999810711e-06
6.000000000838668e-06
4.999999999810711e-06
4.999999999810711e-06
4.999999999810711e-06
5.999999999062311e-06
5.999999999062311e-06
4.999999999810711e-06
4.999999999810711e-06
4.999999999810711e-06
4.999999999810711e-06
6.000000000838668e-06
4.999999999810711e-06
7.000000000090267e-06
5.999999999062311e-06
6.000000000838668e-06
4.999999999810711e-06
5.999999999062311e-06
4.999999999810711e-06
3.999999998782755e-06
3.999999998782755e-06
5.000000001587068e-06
4.999999999810711e-06
4.999999999810711e-06
4.999999999810711e-06
4.999999999810711e-06
4.999999999810711e-06
5.000000001587068e-06
4.999999999810711e-06
6.000000000838668e-06
4.999999999810711e-06
5.999999999062311e-06
4.999999999810711e-06
4.999999999810711e-06
4.999999999810711e-06
4.999999999977245e-06
7.000000000034756e-06
4.000000000004e-06
5.999999999950489e-06
4.000000000004e-06
3.999999999892978e-06
5.999999999950489e-06
4.999999999810711e-06
5.000000000032756e-06
5.000000000032756e-06
4.999999999810711e-06
3.999999999892978e-06
5.000000000032756e-06
4.999999999810711e-06
4.000000000115023e-06
4.999999999810711e-06
4.000000000115023e-06
4.999999999810711e-06
4.000000000115023e-06
3.9999999996709334e-06
3.9999999996709334e-06
4.999999999810711e-06
5.000000000254801e-06
3.9999999996709334e-06
4.000000000115023e-06
4.999999999810711e-06
5.000000000254801e-06
5.00000000069889e-06
5.999999999950489e-06
4.999999999810711e-06
4.999999999810711e-06
4.999999999810711e-06
5.999999999950489e-06
5.999999999950489e-06
5.999999999950489e-06
5.999999999950489e-06
5.999999999950489e-06
4.999999999810711e-06
5.999999999950489e-06
3.9999999996709334e-06
5.999999999950489e-06
4.999999999810711e-06
4.999999999810711e-06
3.9999999996709334e-06
4.999999999810711e-06
5.999999999950489e-06
5.999999999950489e-06
4.999999999810711e-06
5.999999999950489e-06
3.9999999996709334e-06
3.9999999996709334e-06
4.999999999810711e-06
5.00000000069889e-06
4.999999999810711e-06
4.999999999810711e-06
4.000000000559112e-06
6.000000000838668e-06
3.999999998782755e-06
5.999999999062311e-06
4.000000000559112e-06
4.999999999810711e-06
4.999999999810711e-06
4.000000000559112e-06
4.999999999810711e-06
4.999999999810711e-06
5.999999999062311e-06
4.999999999810711e-06
6.000000000838668e-06
5.999999999062311e-06
6.000000000838668e-06
4.999999999810711e-06
6.000000000838668e-06
4.999999999810711e-06
4.999999999810711e-06
4.999999999810711e-06
3.999999998782755e-06
5.000000001587068e-06
4.000000000559112e-06
6.000000000838668e-06
4.999999999810711e-06
6.000000000838668e-06
4.999999999810711e-06
4.999999999810711e-06
4.999999999810711e-06
4.999999999810711e-06
4.000000000559112e-06
5.000000001587068e-06
5.000000001587068e-06
4.999999999810711e-06
6.000000000838668e-06
6.000000000838668e-06
4.999999999810711e-06
4.999999999810711e-06
5.999999999062311e-06
4.000000000559112e-06
4.999999999810711e-06
4.999999999810711e-06
4.000000000559112e-06
4.000000000559112e-06
6.000000000838668e-06
5.999999999062311e-06
4.999999999810711e-06
4.999999999810711e-06
4.000000000559112e-06
5.999999999062311e-06
4.999999999810711e-06
6.000000000838668e-06
4.000000000559112e-06
4.999999999810711e-06
4.999999999810711e-06
4.000000000559112e-06
4.999999999810711e-06
5.999999999062311e-06
6.000000000838668e-06
4.9999999980343546e-06
5.999999999062311e-06
5.000000001587068e-06
4.000000000559112e-06
5.999999999062311e-06
7.000000000090267e-06
5.000000001587068e-06
5.999999999062311e-06
5.999999999062311e-06
5.000000001587068e-06
5.999999999062311e-06
5.000000001587068e-06
5.000000001587068e-06
5.999999999062311e-06
6.000000002615025e-06
4.000000000559112e-06
4.9999999980343546e-06
3.999999997006398e-06
5.999999999062311e-06
4.9999999980343546e-06
5.999999999062311e-06
5.999999999062311e-06
5.000000001587068e-06
5.000000001587068e-06
5.999999999062311e-06
5.000000001587068e-06
5.999999999062311e-06
5.000000001587068e-06
5.999999999062311e-06
5.999999999062311e-06
5.999999999062311e-06
6.000000002615025e-06
5.000000001587068e-06
5.000000001587068e-06
5.999999999062311e-06
5.999999999062311e-06
4.000000000559112e-06
5.999999999062311e-06
4.9999999980343546e-06
5.999999999062311e-06
5.000000001587068e-06
5.000000001587068e-06
5.000000001587068e-06
5.000000001587068e-06
4.9999999980343546e-06
4.9999999980343546e-06
5.000000001587068e-06
5.000000001587068e-06
4.9999999980343546e-06
4.9999999980343546e-06
4.000000000559112e-06
4.9999999980343546e-06
5.999999999062311e-06
5.999999999062311e-06
5.000000001587068e-06
5.000000001587068e-06
5.999999999062311e-06
4.9999999980343546e-06
4.9999999980343546e-06
5.999999999062311e-06
1.999999998503199e-06
5.000000001587068e-06
4.000000000559112e-06
7.000000000090267e-06
6.000000002615025e-06
4.000000000559112e-06
5.999999999062311e-06
4.9999999980343546e-06
5.000000001587068e-06
5.999999999062311e-06
4.9999999980343546e-06
5.000000001587068e-06
2.000000000002e-06
2.9999999999752447e-06
4.000000000004e-06
4.000000000004e-06
6.000000000061512e-06
5.000000000032756e-06
5.999999999950489e-06
5.000000000032756e-06
2.9999999999752447e-06
5.000000000032756e-06
5.000000000032756e-06
4.000000000115023e-06
5.000000000254801e-06
4.000000000115023e-06
8.000000000008e-06
5.000000000254801e-06
5.000000000254801e-06
6.0000000000060005e-06
6.999999999979245e-06
4.999999999921734e-06
4.000000000004e-06
4.000000000004e-06
3.999999999892978e-06
5.999999999950489e-06
5.999999999950489e-06
5.999999999950489e-06
5.000000000032756e-06
6.000000000172534e-06
4.999999999810711e-06
5.999999999950489e-06
5.000000000254801e-06
2.9999999999752447e-06
5.999999999950489e-06
5.000000000254801e-06
4.999999999810711e-06
4.000000000115023e-06
5.999999999950489e-06
5.999999999950489e-06
4.999999999810711e-06
5.000000000254801e-06
4.999999999810711e-06
5.000000000254801e-06
4.999999999810711e-06
4.999999999810711e-06
4.999999999810711e-06
5.999999999950489e-06
4.999999999810711e-06
5.999999999950489e-06
5.999999999950489e-06
6.000000000838668e-06
3.9999999996709334e-06
5.999999999950489e-06
4.999999999810711e-06
7.000000000090267e-06
4.999999999810711e-06
5.999999999950489e-06
5.999999999950489e-06
4.000000000559112e-06
5.00000000069889e-06
4.999999999810711e-06
4.999999999810711e-06
3.9999999996709334e-06
4.999999999810711e-06
4.999999999810711e-06
5.999999999950489e-06
5.999999999950489e-06
7.000000000090267e-06
5.999999999950489e-06
4.999999999810711e-06
4.000000000559112e-06
4.000000000559112e-06
5.999999999062311e-06
4.999999999810711e-06
4.999999999810711e-06
6.000000000838668e-06
4.000000000559112e-06
5.999999999062311e-06
4.000000000559112e-06
4.999999999810711e-06
4.000000000559112e-06
4.999999999810711e-06
5.000000001587068e-06
5.999999999062311e-06
4.000000000559112e-06
6.000000000838668e-06
5.999999999062311e-06
4.999999999810711e-06
6.000000000838668e-06
4.000000000559112e-06
4.000000000559112e-06
6.000000000838668e-06
2.9999999995311555e-06
4.999999999810711e-06
4.999999999810711e-06
3.999999998782755e-06
4.999999999810711e-06
4.999999999810711e-06
2.000000000279556e-06
5.999999999062311e-06
5.999999999062311e-06
5.000000001587068e-06
4.999999999810711e-06
4.999999999810711e-06
4.999999999810711e-06
6.000000000838668e-06
5.000000001587068e-06
4.999999999810711e-06
5.000000001587068e-06
6.000000000838668e-06
4.999999999810711e-06
6.000000000838668e-06
3.000000000030756e-06
3.000000000030756e-06
2.000000000002e-06
2.000000000002e-06
1.0000000000287557e-06
2.000000000002e-06
6.0000000000060005e-06
4.000000000004e-06
2.9999999999752447e-06
3.000000000086267e-06
5.999999999950489e-06
1.9999999998354667e-06
4.000000000115023e-06
6.999999999868223e-06
3.999999999892978e-06
1.9999999998354667e-06
4.000000000115023e-06
7.000000000090267e-06
5.999999999950489e-06
5.000000000254801e-06
3.9999999996709334e-06
2.9999999999752447e-06
2.9999999999752447e-06
5.999999999950489e-06
2.9999999999752447e-06
5.999999999950489e-06
5.000000000032756e-06
5.999999999950489e-06
5.000000000254801e-06
5.000000000254801e-06
5.999999999950489e-06
7.000000000090267e-06
2.9999999999752447e-06
2.9999999999752447e-06
2.9999999999752447e-06
